#  N                 name        S[cm]        X[cm]        Y[cm]        Z[cm]   TetaX[deg]   TetaY[deg]  Energy[Mev]
    0  START                       0.000     8060.000    10000.000   -15468.929        0.000        0.000    16049.489
    1  MAT1L02V                    0.000     8060.000    10000.000   -15468.929        0.000        0.000    16049.489
    2  D104                       17.976     8060.000    10000.000   -15450.953        0.000        0.000    16049.489
    3  IPM1L02                    17.976     8060.000    10000.000   -15450.953        0.000        0.000    16049.489
    4  D105                       19.823     8060.000    10000.000   -15449.106        0.000        0.000    16049.489
    5  MQ1L02A                    29.823     8060.000    10000.000   -15439.106        0.000        0.000    16049.489
    6  D106                       39.823     8060.000    10000.000   -15429.106        0.000        0.000    16049.489
    7  MQ1L02B                    59.823     8060.000    10000.000   -15409.106        0.000        0.000    16049.489
    8  D106                       69.823     8060.000    10000.000   -15399.106        0.000        0.000    16049.489
    9  MQ1L02C                    79.823     8060.000    10000.000   -15389.106        0.000        0.000    16049.489
   10  D105                       81.671     8060.000    10000.000   -15387.258        0.000        0.000    16049.489
   11  D107                      162.581     8060.000    10000.000   -15306.348        0.000        0.000    16049.489
   12  R121                      212.581     8060.000    10000.000   -15256.348        0.000        0.000    16053.239
   13  D108                      237.581     8060.000    10000.000   -15231.348        0.000        0.000    16053.239
   14  R122                      287.581     8060.000    10000.000   -15181.348        0.000        0.000    16056.989
   15  D109                      353.641     8060.000    10000.000   -15115.288        0.000        0.000    16056.989
   16  R123                      403.641     8060.000    10000.000   -15065.288        0.000        0.000    16060.739
   17  D108                      428.641     8060.000    10000.000   -15040.288        0.000        0.000    16060.739
   18  R124                      478.641     8060.000    10000.000   -14990.288        0.000        0.000    16064.489
   19  D109                      544.701     8060.000    10000.000   -14924.228        0.000        0.000    16064.489
   20  R125                      594.701     8060.000    10000.000   -14874.228        0.000        0.000    16068.239
   21  D108                      619.701     8060.000    10000.000   -14849.228        0.000        0.000    16068.239
   22  R126                      669.701     8060.000    10000.000   -14799.228        0.000        0.000    16071.989
   23  D109                      735.761     8060.000    10000.000   -14733.168        0.000        0.000    16071.989
   24  R127                      785.761     8060.000    10000.000   -14683.168        0.000        0.000    16075.739
   25  D108                      810.761     8060.000    10000.000   -14658.168        0.000        0.000    16075.739
   26  R128                      860.761     8060.000    10000.000   -14608.168        0.000        0.000    16079.489
   27  D110                      960.000     8060.000    10000.000   -14508.929        0.000        0.000    16079.489
   28  MAT1L03V                  960.000     8060.000    10000.000   -14508.929        0.000        0.000    16079.489
   29  D104                      977.975     8060.000    10000.000   -14490.954        0.000        0.000    16079.489
   30  IPM1L03                   977.975     8060.000    10000.000   -14490.954        0.000        0.000    16079.489
   31  D105                      979.823     8060.000    10000.000   -14489.106        0.000        0.000    16079.489
   32  MQ1L03A                   989.823     8060.000    10000.000   -14479.106        0.000        0.000    16079.489
   33  D106                      999.823     8060.000    10000.000   -14469.106        0.000        0.000    16079.489
   34  MQ1L03B                  1019.823     8060.000    10000.000   -14449.106        0.000        0.000    16079.489
   35  D106                     1029.823     8060.000    10000.000   -14439.106        0.000        0.000    16079.489
   36  MQ1L03C                  1039.823     8060.000    10000.000   -14429.106        0.000        0.000    16079.489
   37  D105                     1041.670     8060.000    10000.000   -14427.259        0.000        0.000    16079.489
   38  D107                     1122.580     8060.000    10000.000   -14346.349        0.000        0.000    16079.489
   39  R131                     1172.580     8060.000    10000.000   -14296.349        0.000        0.000    16083.239
   40  D108                     1197.580     8060.000    10000.000   -14271.349        0.000        0.000    16083.239
   41  R132                     1247.580     8060.000    10000.000   -14221.349        0.000        0.000    16086.989
   42  D109                     1313.640     8060.000    10000.000   -14155.289        0.000        0.000    16086.989
   43  R133                     1363.640     8060.000    10000.000   -14105.289        0.000        0.000    16090.739
   44  D108                     1388.640     8060.000    10000.000   -14080.289        0.000        0.000    16090.739
   45  R134                     1438.640     8060.000    10000.000   -14030.289        0.000        0.000    16094.489
   46  D109                     1504.700     8060.000    10000.000   -13964.229        0.000        0.000    16094.489
   47  R135                     1554.700     8060.000    10000.000   -13914.229        0.000        0.000    16098.239
   48  D108                     1579.700     8060.000    10000.000   -13889.229        0.000        0.000    16098.239
   49  R136                     1629.700     8060.000    10000.000   -13839.229        0.000        0.000    16101.989
   50  D109                     1695.760     8060.000    10000.000   -13773.169        0.000        0.000    16101.989
   51  R137                     1745.760     8060.000    10000.000   -13723.169        0.000        0.000    16105.739
   52  D108                     1770.760     8060.000    10000.000   -13698.169        0.000        0.000    16105.739
   53  R138                     1820.760     8060.000    10000.000   -13648.169        0.000        0.000    16109.489
   54  D111                     1898.029     8060.000    10000.000   -13570.900        0.000        0.000    16109.489
   55  MAT1L04H                 1898.029     8060.000    10000.000   -13570.900        0.000        0.000    16109.489
   56  D112                     1937.976     8060.000    10000.000   -13530.953        0.000        0.000    16109.489
   57  IPM1L04                  1937.976     8060.000    10000.000   -13530.953        0.000        0.000    16109.489
   58  D105                     1939.823     8060.000    10000.000   -13529.106        0.000        0.000    16109.489
   59  MQ1L04A                  1949.823     8060.000    10000.000   -13519.106        0.000        0.000    16109.489
   60  D106                     1959.823     8060.000    10000.000   -13509.106        0.000        0.000    16109.489
   61  MQ1L04B                  1979.823     8060.000    10000.000   -13489.106        0.000        0.000    16109.489
   62  D106                     1989.823     8060.000    10000.000   -13479.106        0.000        0.000    16109.489
   63  MQ1L04C                  1999.823     8060.000    10000.000   -13469.106        0.000        0.000    16109.489
   64  D105                     2001.671     8060.000    10000.000   -13467.258        0.000        0.000    16109.489
   65  D107                     2082.581     8060.000    10000.000   -13386.348        0.000        0.000    16109.489
   66  R141                     2132.581     8060.000    10000.000   -13336.348        0.000        0.000    16113.239
   67  D108                     2157.581     8060.000    10000.000   -13311.348        0.000        0.000    16113.239
   68  R142                     2207.581     8060.000    10000.000   -13261.348        0.000        0.000    16116.989
   69  D109                     2273.641     8060.000    10000.000   -13195.288        0.000        0.000    16116.989
   70  R143                     2323.641     8060.000    10000.000   -13145.288        0.000        0.000    16120.739
   71  D108                     2348.641     8060.000    10000.000   -13120.288        0.000        0.000    16120.739
   72  R144                     2398.641     8060.000    10000.000   -13070.288        0.000        0.000    16124.489
   73  D109                     2464.701     8060.000    10000.000   -13004.228        0.000        0.000    16124.489
   74  R145                     2514.701     8060.000    10000.000   -12954.228        0.000        0.000    16128.239
   75  D108                     2539.701     8060.000    10000.000   -12929.228        0.000        0.000    16128.239
   76  R146                     2589.701     8060.000    10000.000   -12879.228        0.000        0.000    16131.989
   77  D109                     2655.761     8060.000    10000.000   -12813.168        0.000        0.000    16131.989
   78  R147                     2705.761     8060.000    10000.000   -12763.168        0.000        0.000    16135.739
   79  D108                     2730.761     8060.000    10000.000   -12738.168        0.000        0.000    16135.739
   80  R148                     2780.761     8060.000    10000.000   -12688.168        0.000        0.000    16139.489
   81  D110                     2880.000     8060.000    10000.000   -12588.929        0.000        0.000    16139.489
   82  MDB1L05V                 2880.000     8060.000    10000.000   -12588.929        0.000        0.000    16139.489
   83  D104                     2897.975     8060.000    10000.000   -12570.954        0.000        0.000    16139.489
   84  IPM1L05                  2897.975     8060.000    10000.000   -12570.954        0.000        0.000    16139.489
   85  D105                     2899.823     8060.000    10000.000   -12569.106        0.000        0.000    16139.489
   86  MQ1L05A                  2909.823     8060.000    10000.000   -12559.106        0.000        0.000    16139.489
   87  D106                     2919.823     8060.000    10000.000   -12549.106        0.000        0.000    16139.489
   88  MQ1L05B                  2939.823     8060.000    10000.000   -12529.106        0.000        0.000    16139.489
   89  D106                     2949.823     8060.000    10000.000   -12519.106        0.000        0.000    16139.489
   90  MQ1L05C                  2959.823     8060.000    10000.000   -12509.106        0.000        0.000    16139.489
   91  D105                     2961.670     8060.000    10000.000   -12507.259        0.000        0.000    16139.489
   92  D107                     3042.580     8060.000    10000.000   -12426.349        0.000        0.000    16139.489
   93  R151                     3092.580     8060.000    10000.000   -12376.349        0.000        0.000    16143.239
   94  D108                     3117.580     8060.000    10000.000   -12351.349        0.000        0.000    16143.239
   95  R152                     3167.580     8060.000    10000.000   -12301.349        0.000        0.000    16146.989
   96  D109                     3233.640     8060.000    10000.000   -12235.289        0.000        0.000    16146.989
   97  R153                     3283.640     8060.000    10000.000   -12185.289        0.000        0.000    16150.739
   98  D108                     3308.640     8060.000    10000.000   -12160.289        0.000        0.000    16150.739
   99  R154                     3358.640     8060.000    10000.000   -12110.289        0.000        0.000    16154.489
  100  D109                     3424.700     8060.000    10000.000   -12044.229        0.000        0.000    16154.489
  101  R155                     3474.700     8060.000    10000.000   -11994.229        0.000        0.000    16158.239
  102  D108                     3499.700     8060.000    10000.000   -11969.229        0.000        0.000    16158.239
  103  R156                     3549.700     8060.000    10000.000   -11919.229        0.000        0.000    16161.989
  104  D109                     3615.760     8060.000    10000.000   -11853.169        0.000        0.000    16161.989
  105  R157                     3665.760     8060.000    10000.000   -11803.169        0.000        0.000    16165.739
  106  D108                     3690.760     8060.000    10000.000   -11778.169        0.000        0.000    16165.739
  107  R158                     3740.760     8060.000    10000.000   -11728.169        0.000        0.000    16169.489
  108  D113                     3806.091     8060.000    10000.000   -11662.838        0.000        0.000    16169.489
  109  ITV1L06                  3806.091     8060.000    10000.000   -11662.838        0.000        0.000    16169.489
  110  D114                     3818.029     8060.000    10000.000   -11650.900        0.000        0.000    16169.489
  111  MAT1L06H                 3818.029     8060.000    10000.000   -11650.900        0.000        0.000    16169.489
  112  D112                     3857.976     8060.000    10000.000   -11610.953        0.000        0.000    16169.489
  113  IPM1L06                  3857.976     8060.000    10000.000   -11610.953        0.000        0.000    16169.489
  114  D105                     3859.823     8060.000    10000.000   -11609.106        0.000        0.000    16169.489
  115  MQ1L06A                  3869.823     8060.000    10000.000   -11599.106        0.000        0.000    16169.489
  116  D106                     3879.823     8060.000    10000.000   -11589.106        0.000        0.000    16169.489
  117  MQ1L06B                  3899.823     8060.000    10000.000   -11569.106        0.000        0.000    16169.489
  118  D106                     3909.823     8060.000    10000.000   -11559.106        0.000        0.000    16169.489
  119  MQ1L06C                  3919.823     8060.000    10000.000   -11549.106        0.000        0.000    16169.489
  120  D105                     3921.671     8060.000    10000.000   -11547.258        0.000        0.000    16169.489
  121  D107                     4002.581     8060.000    10000.000   -11466.348        0.000        0.000    16169.489
  122  R161                     4052.581     8060.000    10000.000   -11416.348        0.000        0.000    16173.239
  123  D108                     4077.581     8060.000    10000.000   -11391.348        0.000        0.000    16173.239
  124  R162                     4127.581     8060.000    10000.000   -11341.348        0.000        0.000    16176.989
  125  D109                     4193.641     8060.000    10000.000   -11275.288        0.000        0.000    16176.989
  126  R163                     4243.641     8060.000    10000.000   -11225.288        0.000        0.000    16180.739
  127  D108                     4268.641     8060.000    10000.000   -11200.288        0.000        0.000    16180.739
  128  R164                     4318.641     8060.000    10000.000   -11150.288        0.000        0.000    16184.489
  129  D109                     4384.701     8060.000    10000.000   -11084.228        0.000        0.000    16184.489
  130  R165                     4434.701     8060.000    10000.000   -11034.228        0.000        0.000    16188.239
  131  D108                     4459.701     8060.000    10000.000   -11009.228        0.000        0.000    16188.239
  132  R166                     4509.701     8060.000    10000.000   -10959.228        0.000        0.000    16191.989
  133  D109                     4575.761     8060.000    10000.000   -10893.168        0.000        0.000    16191.989
  134  R167                     4625.761     8060.000    10000.000   -10843.168        0.000        0.000    16195.739
  135  D108                     4650.761     8060.000    10000.000   -10818.168        0.000        0.000    16195.739
  136  R168                     4700.761     8060.000    10000.000   -10768.168        0.000        0.000    16199.489
  137  D110                     4800.000     8060.000    10000.000   -10668.929        0.000        0.000    16199.489
  138  MAT1L07V                 4800.000     8060.000    10000.000   -10668.929        0.000        0.000    16199.489
  139  D104                     4817.976     8060.000    10000.000   -10650.953        0.000        0.000    16199.489
  140  IPM1L07                  4817.976     8060.000    10000.000   -10650.953        0.000        0.000    16199.489
  141  D105                     4819.823     8060.000    10000.000   -10649.106        0.000        0.000    16199.489
  142  MQ1L07A                  4829.823     8060.000    10000.000   -10639.106        0.000        0.000    16199.489
  143  D106                     4839.823     8060.000    10000.000   -10629.106        0.000        0.000    16199.489
  144  MQ1L07B                  4859.823     8060.000    10000.000   -10609.106        0.000        0.000    16199.489
  145  D106                     4869.823     8060.000    10000.000   -10599.106        0.000        0.000    16199.489
  146  MQ1L07C                  4879.823     8060.000    10000.000   -10589.106        0.000        0.000    16199.489
  147  D105                     4881.671     8060.000    10000.000   -10587.258        0.000        0.000    16199.489
  148  D107                     4962.581     8060.000    10000.000   -10506.348        0.000        0.000    16199.489
  149  R171                     5012.581     8060.000    10000.000   -10456.348        0.000        0.000    16203.239
  150  D108                     5037.581     8060.000    10000.000   -10431.348        0.000        0.000    16203.239
  151  R172                     5087.581     8060.000    10000.000   -10381.348        0.000        0.000    16206.989
  152  D109                     5153.641     8060.000    10000.000   -10315.288        0.000        0.000    16206.989
  153  R173                     5203.641     8060.000    10000.000   -10265.288        0.000        0.000    16210.739
  154  D108                     5228.641     8060.000    10000.000   -10240.288        0.000        0.000    16210.739
  155  R174                     5278.641     8060.000    10000.000   -10190.288        0.000        0.000    16214.489
  156  D109                     5344.701     8060.000    10000.000   -10124.228        0.000        0.000    16214.489
  157  R175                     5394.701     8060.000    10000.000   -10074.228        0.000        0.000    16218.239
  158  D108                     5419.701     8060.000    10000.000   -10049.228        0.000        0.000    16218.239
  159  R176                     5469.701     8060.000    10000.000    -9999.228        0.000        0.000    16221.989
  160  D109                     5535.761     8060.000    10000.000    -9933.168        0.000        0.000    16221.989
  161  R177                     5585.761     8060.000    10000.000    -9883.168        0.000        0.000    16225.739
  162  D108                     5610.761     8060.000    10000.000    -9858.168        0.000        0.000    16225.739
  163  R178                     5660.761     8060.000    10000.000    -9808.168        0.000        0.000    16229.489
  164  D115                     5738.029     8060.000    10000.000    -9730.900        0.000        0.000    16229.489
  165  MAT1L08H                 5738.029     8060.000    10000.000    -9730.900        0.000        0.000    16229.489
  166  D112                     5777.975     8060.000    10000.000    -9690.954        0.000        0.000    16229.489
  167  IPM1L08                  5777.975     8060.000    10000.000    -9690.954        0.000        0.000    16229.489
  168  D105                     5779.823     8060.000    10000.000    -9689.106        0.000        0.000    16229.489
  169  MQ1L08A                  5789.823     8060.000    10000.000    -9679.106        0.000        0.000    16229.489
  170  D106                     5799.823     8060.000    10000.000    -9669.106        0.000        0.000    16229.489
  171  MQ1L08B                  5819.823     8060.000    10000.000    -9649.106        0.000        0.000    16229.489
  172  D106                     5829.823     8060.000    10000.000    -9639.106        0.000        0.000    16229.489
  173  MQ1L08C                  5839.823     8060.000    10000.000    -9629.106        0.000        0.000    16229.489
  174  D105                     5841.670     8060.000    10000.000    -9627.259        0.000        0.000    16229.489
  175  D107                     5922.580     8060.000    10000.000    -9546.349        0.000        0.000    16229.489
  176  R181                     5972.580     8060.000    10000.000    -9496.349        0.000        0.000    16233.239
  177  D108                     5997.580     8060.000    10000.000    -9471.349        0.000        0.000    16233.239
  178  R182                     6047.580     8060.000    10000.000    -9421.349        0.000        0.000    16236.989
  179  D109                     6113.640     8060.000    10000.000    -9355.289        0.000        0.000    16236.989
  180  R183                     6163.640     8060.000    10000.000    -9305.289        0.000        0.000    16240.739
  181  D108                     6188.640     8060.000    10000.000    -9280.289        0.000        0.000    16240.739
  182  R184                     6238.640     8060.000    10000.000    -9230.289        0.000        0.000    16244.489
  183  D109                     6304.700     8060.000    10000.000    -9164.229        0.000        0.000    16244.489
  184  R185                     6354.700     8060.000    10000.000    -9114.229        0.000        0.000    16248.239
  185  D108                     6379.700     8060.000    10000.000    -9089.229        0.000        0.000    16248.239
  186  R186                     6429.700     8060.000    10000.000    -9039.229        0.000        0.000    16251.989
  187  D109                     6495.760     8060.000    10000.000    -8973.169        0.000        0.000    16251.989
  188  R187                     6545.760     8060.000    10000.000    -8923.169        0.000        0.000    16255.739
  189  D108                     6570.760     8060.000    10000.000    -8898.169        0.000        0.000    16255.739
  190  R188                     6620.760     8060.000    10000.000    -8848.169        0.000        0.000    16259.489
  191  D116                     6720.000     8060.000    10000.000    -8748.929        0.000        0.000    16259.489
  192  MAT1L09V                 6720.000     8060.000    10000.000    -8748.929        0.000        0.000    16259.489
  193  D104                     6737.976     8060.000    10000.000    -8730.953        0.000        0.000    16259.489
  194  IPM1L09                  6737.976     8060.000    10000.000    -8730.953        0.000        0.000    16259.489
  195  D105                     6739.823     8060.000    10000.000    -8729.106        0.000        0.000    16259.489
  196  MQ1L09A                  6749.823     8060.000    10000.000    -8719.106        0.000        0.000    16259.489
  197  D106                     6759.823     8060.000    10000.000    -8709.106        0.000        0.000    16259.489
  198  MQ1L09B                  6779.823     8060.000    10000.000    -8689.106        0.000        0.000    16259.489
  199  D106                     6789.823     8060.000    10000.000    -8679.106        0.000        0.000    16259.489
  200  MQ1L09C                  6799.823     8060.000    10000.000    -8669.106        0.000        0.000    16259.489
  201  D105                     6801.671     8060.000    10000.000    -8667.258        0.000        0.000    16259.489
  202  D107                     6882.581     8060.000    10000.000    -8586.348        0.000        0.000    16259.489
  203  R191                     6932.581     8060.000    10000.000    -8536.348        0.000        0.000    16263.239
  204  D108                     6957.581     8060.000    10000.000    -8511.348        0.000        0.000    16263.239
  205  R192                     7007.581     8060.000    10000.000    -8461.348        0.000        0.000    16266.989
  206  D109                     7073.641     8060.000    10000.000    -8395.288        0.000        0.000    16266.989
  207  R193                     7123.641     8060.000    10000.000    -8345.288        0.000        0.000    16270.739
  208  D108                     7148.641     8060.000    10000.000    -8320.288        0.000        0.000    16270.739
  209  R194                     7198.641     8060.000    10000.000    -8270.288        0.000        0.000    16274.489
  210  D109                     7264.701     8060.000    10000.000    -8204.228        0.000        0.000    16274.489
  211  R195                     7314.701     8060.000    10000.000    -8154.228        0.000        0.000    16278.239
  212  D108                     7339.701     8060.000    10000.000    -8129.228        0.000        0.000    16278.239
  213  R196                     7389.701     8060.000    10000.000    -8079.228        0.000        0.000    16281.989
  214  D109                     7455.761     8060.000    10000.000    -8013.168        0.000        0.000    16281.989
  215  R197                     7505.761     8060.000    10000.000    -7963.168        0.000        0.000    16285.739
  216  D108                     7530.761     8060.000    10000.000    -7938.168        0.000        0.000    16285.739
  217  R198                     7580.761     8060.000    10000.000    -7888.168        0.000        0.000    16289.489
  218  D117                     7646.269     8060.000    10000.000    -7822.660        0.000        0.000    16289.489
  219  ITV1L10                  7646.269     8060.000    10000.000    -7822.660        0.000        0.000    16289.489
  220  D118                     7658.029     8060.000    10000.000    -7810.900        0.000        0.000    16289.489
  221  MAT1L10H                 7658.029     8060.000    10000.000    -7810.900        0.000        0.000    16289.489
  222  D112                     7697.975     8060.000    10000.000    -7770.954        0.000        0.000    16289.489
  223  IPM1L10                  7697.975     8060.000    10000.000    -7770.954        0.000        0.000    16289.489
  224  D105                     7699.823     8060.000    10000.000    -7769.106        0.000        0.000    16289.489
  225  MQ1L10A                  7709.823     8060.000    10000.000    -7759.106        0.000        0.000    16289.489
  226  D106                     7719.823     8060.000    10000.000    -7749.106        0.000        0.000    16289.489
  227  MQ1L10B                  7739.823     8060.000    10000.000    -7729.106        0.000        0.000    16289.489
  228  D106                     7749.823     8060.000    10000.000    -7719.106        0.000        0.000    16289.489
  229  MQ1L10C                  7759.823     8060.000    10000.000    -7709.106        0.000        0.000    16289.489
  230  D105                     7761.670     8060.000    10000.000    -7707.259        0.000        0.000    16289.489
  231  D107                     7842.580     8060.000    10000.000    -7626.349        0.000        0.000    16289.489
  232  R1A1                     7892.580     8060.000    10000.000    -7576.349        0.000        0.000    16293.239
  233  D108                     7917.580     8060.000    10000.000    -7551.349        0.000        0.000    16293.239
  234  R1A2                     7967.580     8060.000    10000.000    -7501.349        0.000        0.000    16296.989
  235  D109                     8033.640     8060.000    10000.000    -7435.289        0.000        0.000    16296.989
  236  R1A3                     8083.640     8060.000    10000.000    -7385.289        0.000        0.000    16300.739
  237  D108                     8108.640     8060.000    10000.000    -7360.289        0.000        0.000    16300.739
  238  R1A4                     8158.640     8060.000    10000.000    -7310.289        0.000        0.000    16304.489
  239  D109                     8224.700     8060.000    10000.000    -7244.229        0.000        0.000    16304.489
  240  R1A5                     8274.700     8060.000    10000.000    -7194.229        0.000        0.000    16308.239
  241  D108                     8299.700     8060.000    10000.000    -7169.229        0.000        0.000    16308.239
  242  R1A6                     8349.700     8060.000    10000.000    -7119.229        0.000        0.000    16311.989
  243  D109                     8415.760     8060.000    10000.000    -7053.169        0.000        0.000    16311.989
  244  R1A7                     8465.760     8060.000    10000.000    -7003.169        0.000        0.000    16315.739
  245  D108                     8490.760     8060.000    10000.000    -6978.169        0.000        0.000    16315.739
  246  R1A8                     8540.760     8060.000    10000.000    -6928.169        0.000        0.000    16319.489
  247  D116                     8640.000     8060.000    10000.000    -6828.929        0.000        0.000    16319.489
  248  MAT1L11V                 8640.000     8060.000    10000.000    -6828.929        0.000        0.000    16319.489
  249  D104                     8657.976     8060.000    10000.000    -6810.953        0.000        0.000    16319.489
  250  IPM1L11                  8657.976     8060.000    10000.000    -6810.953        0.000        0.000    16319.489
  251  D105                     8659.824     8060.000    10000.000    -6809.106        0.000        0.000    16319.489
  252  MQ1L11A                  8669.824     8060.000    10000.000    -6799.106        0.000        0.000    16319.489
  253  D106                     8679.824     8060.000    10000.000    -6789.106        0.000        0.000    16319.489
  254  MQ1L11B                  8699.824     8060.000    10000.000    -6769.106        0.000        0.000    16319.489
  255  D106                     8709.824     8060.000    10000.000    -6759.106        0.000        0.000    16319.489
  256  MQ1L11C                  8719.824     8060.000    10000.000    -6749.106        0.000        0.000    16319.489
  257  D105                     8721.671     8060.000    10000.000    -6747.258        0.000        0.000    16319.489
  258  D107                     8802.581     8060.000    10000.000    -6666.348        0.000        0.000    16319.489
  259  R1B1                     8852.581     8060.000    10000.000    -6616.348        0.000        0.000    16323.239
  260  D108                     8877.581     8060.000    10000.000    -6591.348        0.000        0.000    16323.239
  261  R1B2                     8927.581     8060.000    10000.000    -6541.348        0.000        0.000    16326.989
  262  D109                     8993.641     8060.000    10000.000    -6475.288        0.000        0.000    16326.989
  263  R1B3                     9043.641     8060.000    10000.000    -6425.288        0.000        0.000    16330.739
  264  D108                     9068.641     8060.000    10000.000    -6400.288        0.000        0.000    16330.739
  265  R1B4                     9118.641     8060.000    10000.000    -6350.288        0.000        0.000    16334.489
  266  D109                     9184.701     8060.000    10000.000    -6284.228        0.000        0.000    16334.489
  267  R1B5                     9234.701     8060.000    10000.000    -6234.228        0.000        0.000    16338.239
  268  D108                     9259.701     8060.000    10000.000    -6209.228        0.000        0.000    16338.239
  269  R1B6                     9309.701     8060.000    10000.000    -6159.228        0.000        0.000    16341.989
  270  D109                     9375.761     8060.000    10000.000    -6093.168        0.000        0.000    16341.989
  271  R1B7                     9425.761     8060.000    10000.000    -6043.168        0.000        0.000    16345.739
  272  D108                     9450.761     8060.000    10000.000    -6018.168        0.000        0.000    16345.739
  273  R1B8                     9500.761     8060.000    10000.000    -5968.168        0.000        0.000    16349.489
  274  D115                     9578.029     8060.000    10000.000    -5890.900        0.000        0.000    16349.489
  275  MAT1L12H                 9578.029     8060.000    10000.000    -5890.900        0.000        0.000    16349.489
  276  D112                     9617.975     8060.000    10000.000    -5850.954        0.000        0.000    16349.489
  277  IPM1L12                  9617.975     8060.000    10000.000    -5850.954        0.000        0.000    16349.489
  278  D105                     9619.823     8060.000    10000.000    -5849.106        0.000        0.000    16349.489
  279  MQ1L12A                  9629.823     8060.000    10000.000    -5839.106        0.000        0.000    16349.489
  280  D106                     9639.823     8060.000    10000.000    -5829.106        0.000        0.000    16349.489
  281  MQ1L12B                  9659.823     8060.000    10000.000    -5809.106        0.000        0.000    16349.489
  282  D106                     9669.823     8060.000    10000.000    -5799.106        0.000        0.000    16349.489
  283  MQ1L12C                  9679.823     8060.000    10000.000    -5789.106        0.000        0.000    16349.489
  284  D105                     9681.671     8060.000    10000.000    -5787.258        0.000        0.000    16349.489
  285  D107                     9762.581     8060.000    10000.000    -5706.348        0.000        0.000    16349.489
  286  R1C1                     9812.581     8060.000    10000.000    -5656.348        0.000        0.000    16353.239
  287  D108                     9837.581     8060.000    10000.000    -5631.348        0.000        0.000    16353.239
  288  R1C2                     9887.581     8060.000    10000.000    -5581.348        0.000        0.000    16356.989
  289  D109                     9953.641     8060.000    10000.000    -5515.288        0.000        0.000    16356.989
  290  R1C3                    10003.641     8060.000    10000.000    -5465.288        0.000        0.000    16360.739
  291  D108                    10028.641     8060.000    10000.000    -5440.288        0.000        0.000    16360.739
  292  R1C4                    10078.641     8060.000    10000.000    -5390.288        0.000        0.000    16364.489
  293  D109                    10144.701     8060.000    10000.000    -5324.228        0.000        0.000    16364.489
  294  R1C5                    10194.701     8060.000    10000.000    -5274.228        0.000        0.000    16368.239
  295  D108                    10219.701     8060.000    10000.000    -5249.228        0.000        0.000    16368.239
  296  R1C6                    10269.701     8060.000    10000.000    -5199.228        0.000        0.000    16371.989
  297  D109                    10335.761     8060.000    10000.000    -5133.168        0.000        0.000    16371.989
  298  R1C7                    10385.761     8060.000    10000.000    -5083.168        0.000        0.000    16375.739
  299  D108                    10410.761     8060.000    10000.000    -5058.168        0.000        0.000    16375.739
  300  R1C8                    10460.761     8060.000    10000.000    -5008.168        0.000        0.000    16379.489
  301  D110                    10560.000     8060.000    10000.000    -4908.929        0.000        0.000    16379.489
  302  MAT1L13V                10560.000     8060.000    10000.000    -4908.929        0.000        0.000    16379.489
  303  D104                    10577.975     8060.000    10000.000    -4890.954        0.000        0.000    16379.489
  304  IPM1L13                 10577.975     8060.000    10000.000    -4890.954        0.000        0.000    16379.489
  305  D105                    10579.823     8060.000    10000.000    -4889.106        0.000        0.000    16379.489
  306  MQ1L13A                 10589.823     8060.000    10000.000    -4879.106        0.000        0.000    16379.489
  307  D106                    10599.823     8060.000    10000.000    -4869.106        0.000        0.000    16379.489
  308  MQ1L13B                 10619.823     8060.000    10000.000    -4849.106        0.000        0.000    16379.489
  309  D106                    10629.823     8060.000    10000.000    -4839.106        0.000        0.000    16379.489
  310  MQ1L13C                 10639.823     8060.000    10000.000    -4829.106        0.000        0.000    16379.489
  311  D105                    10641.670     8060.000    10000.000    -4827.259        0.000        0.000    16379.489
  312  D107                    10722.580     8060.000    10000.000    -4746.349        0.000        0.000    16379.489
  313  R1D1                    10772.580     8060.000    10000.000    -4696.349        0.000        0.000    16383.239
  314  D108                    10797.580     8060.000    10000.000    -4671.349        0.000        0.000    16383.239
  315  R1D2                    10847.580     8060.000    10000.000    -4621.349        0.000        0.000    16386.989
  316  D109                    10913.640     8060.000    10000.000    -4555.289        0.000        0.000    16386.989
  317  R1D3                    10963.640     8060.000    10000.000    -4505.289        0.000        0.000    16390.739
  318  D108                    10988.640     8060.000    10000.000    -4480.289        0.000        0.000    16390.739
  319  R1D4                    11038.640     8060.000    10000.000    -4430.289        0.000        0.000    16394.489
  320  D109                    11104.700     8060.000    10000.000    -4364.229        0.000        0.000    16394.489
  321  R1D5                    11154.700     8060.000    10000.000    -4314.229        0.000        0.000    16398.239
  322  D108                    11179.700     8060.000    10000.000    -4289.229        0.000        0.000    16398.239
  323  R1D6                    11229.700     8060.000    10000.000    -4239.229        0.000        0.000    16401.989
  324  D109                    11295.760     8060.000    10000.000    -4173.169        0.000        0.000    16401.989
  325  R1D7                    11345.760     8060.000    10000.000    -4123.169        0.000        0.000    16405.739
  326  D108                    11370.760     8060.000    10000.000    -4098.169        0.000        0.000    16405.739
  327  R1D8                    11420.760     8060.000    10000.000    -4048.169        0.000        0.000    16409.489
  328  D119                    11486.269     8060.000    10000.000    -3982.660        0.000        0.000    16409.489
  329  ITV1L14                 11486.269     8060.000    10000.000    -3982.660        0.000        0.000    16409.489
  330  D118                    11498.029     8060.000    10000.000    -3970.900        0.000        0.000    16409.489
  331  MAT1L14H                11498.029     8060.000    10000.000    -3970.900        0.000        0.000    16409.489
  332  D112                    11537.976     8060.000    10000.000    -3930.953        0.000        0.000    16409.489
  333  IPM1L14                 11537.976     8060.000    10000.000    -3930.953        0.000        0.000    16409.489
  334  D105                    11539.823     8060.000    10000.000    -3929.106        0.000        0.000    16409.489
  335  MQ1L14A                 11549.823     8060.000    10000.000    -3919.106        0.000        0.000    16409.489
  336  D106                    11559.823     8060.000    10000.000    -3909.106        0.000        0.000    16409.489
  337  MQ1L14B                 11579.823     8060.000    10000.000    -3889.106        0.000        0.000    16409.489
  338  D106                    11589.823     8060.000    10000.000    -3879.106        0.000        0.000    16409.489
  339  MQ1L14C                 11599.823     8060.000    10000.000    -3869.106        0.000        0.000    16409.489
  340  D105                    11601.671     8060.000    10000.000    -3867.258        0.000        0.000    16409.489
  341  D107                    11682.581     8060.000    10000.000    -3786.348        0.000        0.000    16409.489
  342  R1E1                    11732.581     8060.000    10000.000    -3736.348        0.000        0.000    16413.239
  343  D108                    11757.581     8060.000    10000.000    -3711.348        0.000        0.000    16413.239
  344  R1E2                    11807.581     8060.000    10000.000    -3661.348        0.000        0.000    16416.989
  345  D109                    11873.641     8060.000    10000.000    -3595.288        0.000        0.000    16416.989
  346  R1E3                    11923.641     8060.000    10000.000    -3545.288        0.000        0.000    16420.739
  347  D108                    11948.641     8060.000    10000.000    -3520.288        0.000        0.000    16420.739
  348  R1E4                    11998.641     8060.000    10000.000    -3470.288        0.000        0.000    16424.489
  349  D109                    12064.701     8060.000    10000.000    -3404.228        0.000        0.000    16424.489
  350  R1E5                    12114.701     8060.000    10000.000    -3354.228        0.000        0.000    16428.239
  351  D108                    12139.701     8060.000    10000.000    -3329.228        0.000        0.000    16428.239
  352  R1E6                    12189.701     8060.000    10000.000    -3279.228        0.000        0.000    16431.989
  353  D109                    12255.761     8060.000    10000.000    -3213.168        0.000        0.000    16431.989
  354  R1E7                    12305.761     8060.000    10000.000    -3163.168        0.000        0.000    16435.739
  355  D108                    12330.761     8060.000    10000.000    -3138.168        0.000        0.000    16435.739
  356  R1E8                    12380.761     8060.000    10000.000    -3088.168        0.000        0.000    16439.489
  357  D110                    12480.000     8060.000    10000.000    -2988.929        0.000        0.000    16439.489
  358  MAT1L15V                12480.000     8060.000    10000.000    -2988.929        0.000        0.000    16439.489
  359  D104                    12497.975     8060.000    10000.000    -2970.954        0.000        0.000    16439.489
  360  IPM1L15                 12497.975     8060.000    10000.000    -2970.954        0.000        0.000    16439.489
  361  D105                    12499.823     8060.000    10000.000    -2969.106        0.000        0.000    16439.489
  362  MQ1L15A                 12509.823     8060.000    10000.000    -2959.106        0.000        0.000    16439.489
  363  D106                    12519.823     8060.000    10000.000    -2949.106        0.000        0.000    16439.489
  364  MQ1L15B                 12539.823     8060.000    10000.000    -2929.106        0.000        0.000    16439.489
  365  D106                    12549.823     8060.000    10000.000    -2919.106        0.000        0.000    16439.489
  366  MQ1L15C                 12559.823     8060.000    10000.000    -2909.106        0.000        0.000    16439.489
  367  D105                    12561.670     8060.000    10000.000    -2907.259        0.000        0.000    16439.489
  368  D107                    12642.580     8060.000    10000.000    -2826.349        0.000        0.000    16439.489
  369  R1F1                    12692.580     8060.000    10000.000    -2776.349        0.000        0.000    16443.239
  370  D108                    12717.580     8060.000    10000.000    -2751.349        0.000        0.000    16443.239
  371  R1F2                    12767.580     8060.000    10000.000    -2701.349        0.000        0.000    16446.989
  372  D109                    12833.640     8060.000    10000.000    -2635.289        0.000        0.000    16446.989
  373  R1F3                    12883.640     8060.000    10000.000    -2585.289        0.000        0.000    16450.739
  374  D108                    12908.640     8060.000    10000.000    -2560.289        0.000        0.000    16450.739
  375  R1F4                    12958.640     8060.000    10000.000    -2510.289        0.000        0.000    16454.489
  376  D109                    13024.700     8060.000    10000.000    -2444.229        0.000        0.000    16454.489
  377  R1F5                    13074.700     8060.000    10000.000    -2394.229        0.000        0.000    16458.239
  378  D108                    13099.700     8060.000    10000.000    -2369.229        0.000        0.000    16458.239
  379  R1F6                    13149.700     8060.000    10000.000    -2319.229        0.000        0.000    16461.989
  380  D109                    13215.760     8060.000    10000.000    -2253.169        0.000        0.000    16461.989
  381  R1F7                    13265.760     8060.000    10000.000    -2203.169        0.000        0.000    16465.739
  382  D108                    13290.760     8060.000    10000.000    -2178.169        0.000        0.000    16465.739
  383  R1F8                    13340.760     8060.000    10000.000    -2128.169        0.000        0.000    16469.489
  384  D111                    13418.029     8060.000    10000.000    -2050.900        0.000        0.000    16469.489
  385  MAT1L16H                13418.029     8060.000    10000.000    -2050.900        0.000        0.000    16469.489
  386  D112                    13457.976     8060.000    10000.000    -2010.953        0.000        0.000    16469.489
  387  IPM1L16                 13457.976     8060.000    10000.000    -2010.953        0.000        0.000    16469.489
  388  D105                    13459.823     8060.000    10000.000    -2009.106        0.000        0.000    16469.489
  389  MQ1L16A                 13469.823     8060.000    10000.000    -1999.106        0.000        0.000    16469.489
  390  D106                    13479.823     8060.000    10000.000    -1989.106        0.000        0.000    16469.489
  391  MQ1L16B                 13499.823     8060.000    10000.000    -1969.106        0.000        0.000    16469.489
  392  D106                    13509.823     8060.000    10000.000    -1959.106        0.000        0.000    16469.489
  393  MQ1L16C                 13519.823     8060.000    10000.000    -1949.106        0.000        0.000    16469.489
  394  D105                    13521.671     8060.000    10000.000    -1947.258        0.000        0.000    16469.489
  395  D107                    13602.581     8060.000    10000.000    -1866.348        0.000        0.000    16469.489
  396  R1G1                    13652.581     8060.000    10000.000    -1816.348        0.000        0.000    16473.239
  397  D108                    13677.581     8060.000    10000.000    -1791.348        0.000        0.000    16473.239
  398  R1G2                    13727.581     8060.000    10000.000    -1741.348        0.000        0.000    16476.989
  399  D109                    13793.641     8060.000    10000.000    -1675.288        0.000        0.000    16476.989
  400  R1G3                    13843.641     8060.000    10000.000    -1625.288        0.000        0.000    16480.739
  401  D108                    13868.641     8060.000    10000.000    -1600.288        0.000        0.000    16480.739
  402  R1G4                    13918.641     8060.000    10000.000    -1550.288        0.000        0.000    16484.489
  403  D109                    13984.701     8060.000    10000.000    -1484.228        0.000        0.000    16484.489
  404  R1G5                    14034.701     8060.000    10000.000    -1434.228        0.000        0.000    16488.239
  405  D108                    14059.701     8060.000    10000.000    -1409.228        0.000        0.000    16488.239
  406  R1G6                    14109.701     8060.000    10000.000    -1359.228        0.000        0.000    16491.989
  407  D109                    14175.761     8060.000    10000.000    -1293.168        0.000        0.000    16491.989
  408  R1G7                    14225.761     8060.000    10000.000    -1243.168        0.000        0.000    16495.739
  409  D108                    14250.761     8060.000    10000.000    -1218.168        0.000        0.000    16495.739
  410  R1G8                    14300.761     8060.000    10000.000    -1168.168        0.000        0.000    16499.489
  411  D110                    14400.000     8060.000    10000.000    -1068.929        0.000        0.000    16499.489
  412  MAT1L17V                14400.000     8060.000    10000.000    -1068.929        0.000        0.000    16499.489
  413  D104                    14417.975     8060.000    10000.000    -1050.954        0.000        0.000    16499.489
  414  IPM1L17                 14417.975     8060.000    10000.000    -1050.954        0.000        0.000    16499.489
  415  D105                    14419.823     8060.000    10000.000    -1049.106        0.000        0.000    16499.489
  416  MQ1L17A                 14429.823     8060.000    10000.000    -1039.106        0.000        0.000    16499.489
  417  D106                    14439.823     8060.000    10000.000    -1029.106        0.000        0.000    16499.489
  418  MQ1L17B                 14459.823     8060.000    10000.000    -1009.106        0.000        0.000    16499.489
  419  D106                    14469.823     8060.000    10000.000     -999.106        0.000        0.000    16499.489
  420  MQ1L17C                 14479.823     8060.000    10000.000     -989.106        0.000        0.000    16499.489
  421  D105                    14481.670     8060.000    10000.000     -987.259        0.000        0.000    16499.489
  422  D107                    14562.580     8060.000    10000.000     -906.349        0.000        0.000    16499.489
  423  R1H1                    14612.580     8060.000    10000.000     -856.349        0.000        0.000    16503.239
  424  D108                    14637.580     8060.000    10000.000     -831.349        0.000        0.000    16503.239
  425  R1H2                    14687.580     8060.000    10000.000     -781.349        0.000        0.000    16506.989
  426  D109                    14753.640     8060.000    10000.000     -715.289        0.000        0.000    16506.989
  427  R1H3                    14803.640     8060.000    10000.000     -665.289        0.000        0.000    16510.739
  428  D108                    14828.640     8060.000    10000.000     -640.289        0.000        0.000    16510.739
  429  R1H4                    14878.640     8060.000    10000.000     -590.289        0.000        0.000    16514.489
  430  D109                    14944.700     8060.000    10000.000     -524.229        0.000        0.000    16514.489
  431  R1H5                    14994.700     8060.000    10000.000     -474.229        0.000        0.000    16518.239
  432  D108                    15019.700     8060.000    10000.000     -449.229        0.000        0.000    16518.239
  433  R1H6                    15069.700     8060.000    10000.000     -399.229        0.000        0.000    16521.989
  434  D109                    15135.760     8060.000    10000.000     -333.169        0.000        0.000    16521.989
  435  R1H7                    15185.760     8060.000    10000.000     -283.169        0.000        0.000    16525.739
  436  D108                    15210.760     8060.000    10000.000     -258.169        0.000        0.000    16525.739
  437  R1H8                    15260.760     8060.000    10000.000     -208.169        0.000        0.000    16529.489
  438  D117                    15326.269     8060.000    10000.000     -142.660        0.000        0.000    16529.489
  439  ITV1L18                 15326.269     8060.000    10000.000     -142.660        0.000        0.000    16529.489
  440  D118                    15338.028     8060.000    10000.000     -130.901        0.000        0.000    16529.489
  441  MAT1L18H                15338.028     8060.000    10000.000     -130.901        0.000        0.000    16529.489
  442  D112                    15377.975     8060.000    10000.000      -90.954        0.000        0.000    16529.489
  443  IPM1L18                 15377.975     8060.000    10000.000      -90.954        0.000        0.000    16529.489
  444  D105                    15379.822     8060.000    10000.000      -89.107        0.000        0.000    16529.489
  445  MQ1L18A                 15389.822     8060.000    10000.000      -79.107        0.000        0.000    16529.489
  446  D106                    15399.822     8060.000    10000.000      -69.107        0.000        0.000    16529.489
  447  MQ1L18B                 15419.822     8060.000    10000.000      -49.107        0.000        0.000    16529.489
  448  D106                    15429.822     8060.000    10000.000      -39.107        0.000        0.000    16529.489
  449  MQ1L18C                 15439.822     8060.000    10000.000      -29.107        0.000        0.000    16529.489
  450  D105                    15441.670     8060.000    10000.000      -27.259        0.000        0.000    16529.489
  451  D107                    15522.580     8060.000    10000.000       53.651        0.000        0.000    16529.489
  452  R1I1                    15572.580     8060.000    10000.000      103.651        0.000        0.000    16533.239
  453  D108                    15597.580     8060.000    10000.000      128.651        0.000        0.000    16533.239
  454  R1I2                    15647.580     8060.000    10000.000      178.651        0.000        0.000    16536.989
  455  D109                    15713.640     8060.000    10000.000      244.711        0.000        0.000    16536.989
  456  R1I3                    15763.640     8060.000    10000.000      294.711        0.000        0.000    16540.739
  457  D108                    15788.640     8060.000    10000.000      319.711        0.000        0.000    16540.739
  458  R1I4                    15838.640     8060.000    10000.000      369.711        0.000        0.000    16544.489
  459  D109                    15904.700     8060.000    10000.000      435.771        0.000        0.000    16544.489
  460  R1I5                    15954.700     8060.000    10000.000      485.771        0.000        0.000    16548.239
  461  D108                    15979.700     8060.000    10000.000      510.771        0.000        0.000    16548.239
  462  R1I6                    16029.700     8060.000    10000.000      560.771        0.000        0.000    16551.989
  463  D109                    16095.760     8060.000    10000.000      626.831        0.000        0.000    16551.989
  464  R1I7                    16145.760     8060.000    10000.000      676.831        0.000        0.000    16555.739
  465  D108                    16170.760     8060.000    10000.000      701.831        0.000        0.000    16555.739
  466  R1I8                    16220.760     8060.000    10000.000      751.831        0.000        0.000    16559.489
  467  D116                    16320.000     8060.000    10000.000      851.071        0.000        0.000    16559.489
  468  MAT1L19V                16320.000     8060.000    10000.000      851.071        0.000        0.000    16559.489
  469  D104                    16337.976     8060.000    10000.000      869.047        0.000        0.000    16559.489
  470  IPM1L19                 16337.976     8060.000    10000.000      869.047        0.000        0.000    16559.489
  471  D105                    16339.823     8060.000    10000.000      870.894        0.000        0.000    16559.489
  472  MQ1L19A                 16349.823     8060.000    10000.000      880.894        0.000        0.000    16559.489
  473  D106                    16359.823     8060.000    10000.000      890.894        0.000        0.000    16559.489
  474  MQ1L19B                 16379.823     8060.000    10000.000      910.894        0.000        0.000    16559.489
  475  D106                    16389.823     8060.000    10000.000      920.894        0.000        0.000    16559.489
  476  MQ1L19C                 16399.823     8060.000    10000.000      930.894        0.000        0.000    16559.489
  477  D105                    16401.671     8060.000    10000.000      932.742        0.000        0.000    16559.489
  478  D107                    16482.581     8060.000    10000.000     1013.652        0.000        0.000    16559.489
  479  R1J1                    16532.581     8060.000    10000.000     1063.652        0.000        0.000    16563.239
  480  D108                    16557.581     8060.000    10000.000     1088.652        0.000        0.000    16563.239
  481  R1J2                    16607.581     8060.000    10000.000     1138.652        0.000        0.000    16566.989
  482  D109                    16673.641     8060.000    10000.000     1204.712        0.000        0.000    16566.989
  483  R1J3                    16723.641     8060.000    10000.000     1254.712        0.000        0.000    16570.739
  484  D108                    16748.641     8060.000    10000.000     1279.712        0.000        0.000    16570.739
  485  R1J4                    16798.641     8060.000    10000.000     1329.712        0.000        0.000    16574.489
  486  D109                    16864.701     8060.000    10000.000     1395.772        0.000        0.000    16574.489
  487  R1J5                    16914.701     8060.000    10000.000     1445.772        0.000        0.000    16578.239
  488  D108                    16939.701     8060.000    10000.000     1470.772        0.000        0.000    16578.239
  489  R1J6                    16989.701     8060.000    10000.000     1520.772        0.000        0.000    16581.989
  490  D109                    17055.761     8060.000    10000.000     1586.832        0.000        0.000    16581.989
  491  R1J7                    17105.761     8060.000    10000.000     1636.832        0.000        0.000    16585.739
  492  D108                    17130.761     8060.000    10000.000     1661.832        0.000        0.000    16585.739
  493  R1J8                    17180.761     8060.000    10000.000     1711.832        0.000        0.000    16589.489
  494  D115                    17258.029     8060.000    10000.000     1789.100        0.000        0.000    16589.489
  495  MAT1L20H                17258.029     8060.000    10000.000     1789.100        0.000        0.000    16589.489
  496  D112                    17297.975     8060.000    10000.000     1829.046        0.000        0.000    16589.489
  497  IPM1L20                 17297.975     8060.000    10000.000     1829.046        0.000        0.000    16589.489
  498  D105                    17299.823     8060.000    10000.000     1830.894        0.000        0.000    16589.489
  499  MQ1L20A                 17309.823     8060.000    10000.000     1840.894        0.000        0.000    16589.489
  500  D106                    17319.823     8060.000    10000.000     1850.894        0.000        0.000    16589.489
  501  MQ1L20B                 17339.823     8060.000    10000.000     1870.894        0.000        0.000    16589.489
  502  D106                    17349.823     8060.000    10000.000     1880.894        0.000        0.000    16589.489
  503  MQ1L20C                 17359.823     8060.000    10000.000     1890.894        0.000        0.000    16589.489
  504  D105                    17361.670     8060.000    10000.000     1892.741        0.000        0.000    16589.489
  505  D107                    17442.580     8060.000    10000.000     1973.651        0.000        0.000    16589.489
  506  R1K1                    17492.580     8060.000    10000.000     2023.651        0.000        0.000    16593.239
  507  D108                    17517.580     8060.000    10000.000     2048.651        0.000        0.000    16593.239
  508  R1K2                    17567.580     8060.000    10000.000     2098.651        0.000        0.000    16596.989
  509  D109                    17633.640     8060.000    10000.000     2164.711        0.000        0.000    16596.989
  510  R1K3                    17683.640     8060.000    10000.000     2214.711        0.000        0.000    16600.739
  511  D108                    17708.640     8060.000    10000.000     2239.711        0.000        0.000    16600.739
  512  R1K4                    17758.640     8060.000    10000.000     2289.711        0.000        0.000    16604.489
  513  D109                    17824.700     8060.000    10000.000     2355.771        0.000        0.000    16604.489
  514  R1K5                    17874.700     8060.000    10000.000     2405.771        0.000        0.000    16608.239
  515  D108                    17899.700     8060.000    10000.000     2430.771        0.000        0.000    16608.239
  516  R1K6                    17949.700     8060.000    10000.000     2480.771        0.000        0.000    16611.989
  517  D109                    18015.760     8060.000    10000.000     2546.831        0.000        0.000    16611.989
  518  R1K7                    18065.760     8060.000    10000.000     2596.831        0.000        0.000    16615.739
  519  D108                    18090.760     8060.000    10000.000     2621.831        0.000        0.000    16615.739
  520  R1K8                    18140.760     8060.000    10000.000     2671.831        0.000        0.000    16619.489
  521  D116                    18240.000     8060.000    10000.000     2771.071        0.000        0.000    16619.489
  522  MAT1L21V                18240.000     8060.000    10000.000     2771.071        0.000        0.000    16619.489
  523  D104                    18257.976     8060.000    10000.000     2789.047        0.000        0.000    16619.489
  524  IPM1L21                 18257.976     8060.000    10000.000     2789.047        0.000        0.000    16619.489
  525  D105                    18259.823     8060.000    10000.000     2790.894        0.000        0.000    16619.489
  526  MQ1L21A                 18269.823     8060.000    10000.000     2800.894        0.000        0.000    16619.489
  527  D106                    18279.823     8060.000    10000.000     2810.894        0.000        0.000    16619.489
  528  MQ1L21B                 18299.823     8060.000    10000.000     2830.894        0.000        0.000    16619.489
  529  D106                    18309.823     8060.000    10000.000     2840.894        0.000        0.000    16619.489
  530  MQ1L21C                 18319.823     8060.000    10000.000     2850.894        0.000        0.000    16619.489
  531  D105                    18321.671     8060.000    10000.000     2852.742        0.000        0.000    16619.489
  532  D107                    18402.581     8060.000    10000.000     2933.652        0.000        0.000    16619.489
  533  R1L1                    18452.581     8060.000    10000.000     2983.652        0.000        0.000    16623.239
  534  D108                    18477.581     8060.000    10000.000     3008.652        0.000        0.000    16623.239
  535  R1L2                    18527.581     8060.000    10000.000     3058.652        0.000        0.000    16626.989
  536  D109                    18593.641     8060.000    10000.000     3124.712        0.000        0.000    16626.989
  537  R1L3                    18643.641     8060.000    10000.000     3174.712        0.000        0.000    16630.739
  538  D108                    18668.641     8060.000    10000.000     3199.712        0.000        0.000    16630.739
  539  R1L4                    18718.641     8060.000    10000.000     3249.712        0.000        0.000    16634.489
  540  D109                    18784.701     8060.000    10000.000     3315.772        0.000        0.000    16634.489
  541  R1L5                    18834.701     8060.000    10000.000     3365.772        0.000        0.000    16638.239
  542  D108                    18859.701     8060.000    10000.000     3390.772        0.000        0.000    16638.239
  543  R1L6                    18909.701     8060.000    10000.000     3440.772        0.000        0.000    16641.989
  544  D109                    18975.761     8060.000    10000.000     3506.832        0.000        0.000    16641.989
  545  R1L7                    19025.761     8060.000    10000.000     3556.832        0.000        0.000    16645.739
  546  D108                    19050.761     8060.000    10000.000     3581.832        0.000        0.000    16645.739
  547  R1L8                    19100.761     8060.000    10000.000     3631.832        0.000        0.000    16649.489
  548  D117                    19166.269     8060.000    10000.000     3697.340        0.000        0.000    16649.489
  549  ITV1L22                 19166.269     8060.000    10000.000     3697.340        0.000        0.000    16649.489
  550  D118                    19178.029     8060.000    10000.000     3709.100        0.000        0.000    16649.489
  551  MAT1L22H                19178.029     8060.000    10000.000     3709.100        0.000        0.000    16649.489
  552  D112                    19217.975     8060.000    10000.000     3749.046        0.000        0.000    16649.489
  553  IPM1L22                 19217.975     8060.000    10000.000     3749.046        0.000        0.000    16649.489
  554  D105                    19219.823     8060.000    10000.000     3750.894        0.000        0.000    16649.489
  555  MQ1L22A                 19229.823     8060.000    10000.000     3760.894        0.000        0.000    16649.489
  556  D106                    19239.823     8060.000    10000.000     3770.894        0.000        0.000    16649.489
  557  MQ1L22B                 19259.823     8060.000    10000.000     3790.894        0.000        0.000    16649.489
  558  D106                    19269.823     8060.000    10000.000     3800.894        0.000        0.000    16649.489
  559  MQ1L22C                 19279.823     8060.000    10000.000     3810.894        0.000        0.000    16649.489
  560  D105                    19281.670     8060.000    10000.000     3812.741        0.000        0.000    16649.489
  561  D120                    19357.020     8060.000    10000.000     3888.091        0.000        0.000    16649.489
  562  R1M1                    19427.020     8060.000    10000.000     3958.091        0.000        0.000    16661.989
  563  D121                    19456.920     8060.000    10000.000     3987.991        0.000        0.000    16661.989
  564  R1M2                    19526.920     8060.000    10000.000     4057.991        0.000        0.000    16674.489
  565  D121                    19556.820     8060.000    10000.000     4087.891        0.000        0.000    16674.489
  566  R1M3                    19626.820     8060.000    10000.000     4157.891        0.000        0.000    16686.989
  567  D121                    19656.720     8060.000    10000.000     4187.791        0.000        0.000    16686.989
  568  R1M4                    19726.720     8060.000    10000.000     4257.791        0.000        0.000    16699.489
  569  D121                    19756.620     8060.000    10000.000     4287.691        0.000        0.000    16699.489
  570  R1M5                    19826.620     8060.000    10000.000     4357.691        0.000        0.000    16711.989
  571  D121                    19856.520     8060.000    10000.000     4387.591        0.000        0.000    16711.989
  572  R1M6                    19926.520     8060.000    10000.000     4457.591        0.000        0.000    16724.489
  573  D121                    19956.420     8060.000    10000.000     4487.491        0.000        0.000    16724.489
  574  R1M7                    20026.420     8060.000    10000.000     4557.491        0.000        0.000    16736.989
  575  D121                    20056.320     8060.000    10000.000     4587.391        0.000        0.000    16736.989
  576  R1M8                    20126.320     8060.000    10000.000     4657.391        0.000        0.000    16749.489
  577  D122                    20209.862     8060.000    10000.000     4740.933        0.000        0.000    16749.489
  578  MDB1L23V                20209.862     8060.000    10000.000     4740.933        0.000        0.000    16749.489
  579  IPM1L23                 20209.862     8060.000    10000.000     4740.933        0.000        0.000    16749.489
  580  D129a                   20235.284     8060.000    10000.000     4715.512        0.000        0.000    16749.489
  581  MQ1L23A                 20245.284     8060.000    10000.000     4725.512        0.000        0.000    16749.489
  582  D106                    20255.284     8060.000    10000.000     4735.512        0.000        0.000    16749.489
  583  MQ1L23B                 20275.284     8060.000    10000.000     4755.512        0.000        0.000    16749.489
  584  D106                    20285.284     8060.000    10000.000     4765.512        0.000        0.000    16749.489
  585  MQ1L23C                 20295.284     8060.000    10000.000     4775.512        0.000        0.000    16749.489
  586  D129b                   20367.862     8060.000    10000.000     4848.091        0.000        0.000    16749.489
  587  R1N1                    20437.862     8060.000    10000.000     4918.091        0.000        0.000    16761.989
  588  D121                    20467.762     8060.000    10000.000     4947.991        0.000        0.000    16761.989
  589  R1N2                    20537.762     8060.000    10000.000     5017.991        0.000        0.000    16774.489
  590  D121                    20567.662     8060.000    10000.000     5047.891        0.000        0.000    16774.489
  591  R1N3                    20637.662     8060.000    10000.000     5117.891        0.000        0.000    16786.989
  592  D121                    20667.562     8060.000    10000.000     5147.791        0.000        0.000    16786.989
  593  R1N4                    20737.562     8060.000    10000.000     5217.791        0.000        0.000    16799.489
  594  D121                    20767.462     8060.000    10000.000     5247.691        0.000        0.000    16799.489
  595  R1N5                    20837.462     8060.000    10000.000     5317.691        0.000        0.000    16811.989
  596  D121                    20867.362     8060.000    10000.000     5347.591        0.000        0.000    16811.989
  597  R1N6                    20937.362     8060.000    10000.000     5417.591        0.000        0.000    16824.489
  598  D121                    20967.262     8060.000    10000.000     5447.491        0.000        0.000    16824.489
  599  R1N7                    21037.262     8060.000    10000.000     5517.491        0.000        0.000    16836.989
  600  D121                    21067.162     8060.000    10000.000     5547.391        0.000        0.000    16836.989
  601  R1N8                    21137.162     8060.000    10000.000     5617.391        0.000        0.000    16849.489
  602  D124                    21220.704     8060.000    10000.000     5700.933        0.000        0.000    16849.489
  603  MDB1L24H                21220.704     8060.000    10000.000     5700.933        0.000        0.000    16849.489
  604  IPM1L24                 21220.704     8060.000    10000.000     5700.933        0.000        0.000    16849.489
  605  D129a                   21246.125     8060.000    10000.000     5675.512        0.000        0.000    16849.489
  606  MQ1L24A                 21256.125     8060.000    10000.000     5685.512        0.000        0.000    16849.489
  607  D106                    21266.125     8060.000    10000.000     5695.512        0.000        0.000    16849.489
  608  MQ1L24B                 21286.125     8060.000    10000.000     5715.512        0.000        0.000    16849.489
  609  D106                    21296.125     8060.000    10000.000     5725.512        0.000        0.000    16849.489
  610  MQ1L24C                 21306.125     8060.000    10000.000     5735.512        0.000        0.000    16849.489
  611  D129b                   21378.704     8060.000    10000.000     5808.091        0.000        0.000    16849.489
  612  R1O1                    21448.704     8060.000    10000.000     5878.091        0.000        0.000    16861.989
  613  D121                    21478.604     8060.000    10000.000     5907.991        0.000        0.000    16861.989
  614  R1O2                    21548.604     8060.000    10000.000     5977.991        0.000        0.000    16874.489
  615  D121                    21578.504     8060.000    10000.000     6007.891        0.000        0.000    16874.489
  616  R1O3                    21648.504     8060.000    10000.000     6077.891        0.000        0.000    16886.989
  617  D121                    21678.404     8060.000    10000.000     6107.791        0.000        0.000    16886.989
  618  R1O4                    21748.404     8060.000    10000.000     6177.791        0.000        0.000    16899.489
  619  D121                    21778.304     8060.000    10000.000     6207.691        0.000        0.000    16899.489
  620  R1O5                    21848.304     8060.000    10000.000     6277.691        0.000        0.000    16911.989
  621  D121                    21878.204     8060.000    10000.000     6307.591        0.000        0.000    16911.989
  622  R1O6                    21948.204     8060.000    10000.000     6377.591        0.000        0.000    16924.489
  623  D121                    21978.104     8060.000    10000.000     6407.491        0.000        0.000    16924.489
  624  R1O7                    22048.104     8060.000    10000.000     6477.491        0.000        0.000    16936.989
  625  D121                    22078.004     8060.000    10000.000     6507.391        0.000        0.000    16936.989
  626  R1O8                    22148.004     8060.000    10000.000     6577.391        0.000        0.000    16949.489
  627  D125                    22231.547     8060.000    10000.000     6660.934        0.000        0.000    16949.489
  628  MDB1L25V                22231.547     8060.000    10000.000     6660.934        0.000        0.000    16949.489
  629  IPM1L25                 22231.547     8060.000    10000.000     6660.934        0.000        0.000    16949.489
  630  D129a                   22256.969     8060.000    10000.000     6635.513        0.000        0.000    16949.489
  631  MQ1L25A                 22266.969     8060.000    10000.000     6645.513        0.000        0.000    16949.489
  632  D106                    22276.969     8060.000    10000.000     6655.513        0.000        0.000    16949.489
  633  MQ1L25B                 22296.969     8060.000    10000.000     6675.513        0.000        0.000    16949.489
  634  D106                    22306.969     8060.000    10000.000     6685.513        0.000        0.000    16949.489
  635  MQ1L25C                 22316.969     8060.000    10000.000     6695.513        0.000        0.000    16949.489
  636  D129b                   22389.547     8060.000    10000.000     6768.092        0.000        0.000    16949.489
  637  R1P1                    22459.547     8060.000    10000.000     6838.092        0.000        0.000    16961.989
  638  D121                    22489.447     8060.000    10000.000     6867.992        0.000        0.000    16961.989
  639  R1P2                    22559.447     8060.000    10000.000     6937.992        0.000        0.000    16974.489
  640  D121                    22589.347     8060.000    10000.000     6967.892        0.000        0.000    16974.489
  641  R1P3                    22659.347     8060.000    10000.000     7037.892        0.000        0.000    16986.989
  642  D121                    22689.247     8060.000    10000.000     7067.792        0.000        0.000    16986.989
  643  R1P4                    22759.247     8060.000    10000.000     7137.792        0.000        0.000    16999.489
  644  D121                    22789.147     8060.000    10000.000     7167.692        0.000        0.000    16999.489
  645  R1P5                    22859.147     8060.000    10000.000     7237.692        0.000        0.000    17011.989
  646  D121                    22889.047     8060.000    10000.000     7267.592        0.000        0.000    17011.989
  647  R1P6                    22959.047     8060.000    10000.000     7337.592        0.000        0.000    17024.489
  648  D121                    22988.947     8060.000    10000.000     7367.492        0.000        0.000    17024.489
  649  R1P7                    23058.947     8060.000    10000.000     7437.492        0.000        0.000    17036.989
  650  D121                    23088.847     8060.000    10000.000     7467.392        0.000        0.000    17036.989
  651  R1P8                    23158.847     8060.000    10000.000     7537.392        0.000        0.000    17049.489
  652  D124                    23242.389     8060.000    10000.000     7620.934        0.000        0.000    17049.489
  653  MDB1L26H                23242.389     8060.000    10000.000     7620.934        0.000        0.000    17049.489
  654  IPM1L26                 23242.389     8060.000    10000.000     7620.934        0.000        0.000    17049.489
  655  D129a                   23267.810     8060.000    10000.000     7595.513        0.000        0.000    17049.489
  656  MQ1L26A                 23277.810     8060.000    10000.000     7605.513        0.000        0.000    17049.489
  657  D106                    23287.810     8060.000    10000.000     7615.513        0.000        0.000    17049.489
  658  MQ1L26B                 23307.810     8060.000    10000.000     7635.513        0.000        0.000    17049.489
  659  D106                    23317.810     8060.000    10000.000     7645.513        0.000        0.000    17049.489
  660  MQ1L26C                 23327.810     8060.000    10000.000     7655.513        0.000        0.000    17049.489
  661  D129b                   23400.389     8060.000    10000.000     7728.092        0.000        0.000    17049.489
  662  R1Q1                    23470.389     8060.000    10000.000     7798.092        0.000        0.000    17061.989
  663  D121                    23500.289     8060.000    10000.000     7827.992        0.000        0.000    17061.989
  664  R1Q2                    23570.289     8060.000    10000.000     7897.992        0.000        0.000    17074.489
  665  D121                    23600.189     8060.000    10000.000     7927.892        0.000        0.000    17074.489
  666  R1Q3                    23670.189     8060.000    10000.000     7997.892        0.000        0.000    17086.989
  667  D121                    23700.089     8060.000    10000.000     8027.792        0.000        0.000    17086.989
  668  R1Q4                    23770.089     8060.000    10000.000     8097.792        0.000        0.000    17099.489
  669  D121                    23799.989     8060.000    10000.000     8127.692        0.000        0.000    17099.489
  670  R1Q5                    23869.989     8060.000    10000.000     8197.692        0.000        0.000    17111.989
  671  D121                    23899.889     8060.000    10000.000     8227.592        0.000        0.000    17111.989
  672  R1Q6                    23969.889     8060.000    10000.000     8297.592        0.000        0.000    17124.489
  673  D121                    23999.789     8060.000    10000.000     8327.492        0.000        0.000    17124.489
  674  R1Q7                    24069.789     8060.000    10000.000     8397.492        0.000        0.000    17136.989
  675  D121                    24099.689     8060.000    10000.000     8427.392        0.000        0.000    17136.989
  676  R1Q8                    24169.689     8060.000    10000.000     8497.392        0.000        0.000    17149.489
  677  D124                    24253.231     8060.000    10000.000     8580.933        0.000        0.000    17149.489
  678  MDB1L27H                24253.231     8060.000    10000.000     8580.933        0.000        0.000    17149.489
  679  MDJ1L27V                24253.231     8060.000    10000.000     8580.933        0.000        0.000    17149.489
  680  IPM1L27                 24253.231     8060.000    10000.000     8580.933        0.000        0.000    17149.489
  681  D129a                   24278.652     8060.000    10000.000     8555.512        0.000        0.000    17149.489
  682  MQ1L27A                 24288.652     8060.000    10000.000     8565.512        0.000        0.000    17149.489
  683  D106                    24298.652     8060.000    10000.000     8575.512        0.000        0.000    17149.489
  684  MQ1L27B                 24318.652     8060.000    10000.000     8595.512        0.000        0.000    17149.489
  685  D106                    24328.652     8060.000    10000.000     8605.512        0.000        0.000    17149.489
  686  MQ1L27C                 24338.652     8060.000    10000.000     8615.512        0.000        0.000    17149.489
  687  D129b                   24411.231     8060.000    10000.000     8688.091        0.000        0.000    17149.489
  688  MAT1L02V                24411.231     8060.000    10000.000     8688.091        0.000        0.000    17149.489
  689  D104                    24429.207     8060.000    10000.000     8706.067        0.000        0.000    17149.489
  690  IPM1L02                 24429.207     8060.000    10000.000     8706.067        0.000        0.000    17149.489
  691  D105                    24431.054     8060.000    10000.000     8707.914        0.000        0.000    17149.489
  692  D130                    24499.421     8060.000    10000.000     8776.281        0.000        0.000    17149.489
  693  IBC1L27                 24499.421     8060.000    10000.000     8776.281        0.000        0.000    17149.489
  694  D127                    24563.220     8060.000    10000.000     8840.080        0.000        0.000    17149.489
  695  IPM1L28                 24563.220     8060.000    10000.000     8840.080        0.000        0.000    17149.489
  696  D123                    24580.028     8060.000    10000.000     8856.888        0.000        0.000    17149.489
  697  MQB1L28                 24595.028     8060.000    10000.000     8871.888        0.000        0.000    17149.489
  698  D128                    24624.759     8060.000    10000.000     8901.619        0.000        0.000    17149.489
  699  END                     24624.759     8060.000    10000.000     8901.619        0.000        0.000    17149.489