#  N                 name        S[cm]        X[cm]        Y[cm]        Z[cm]   TetaX[deg]   TetaY[deg]  Energy[Mev]
    0  START                       0.000     8060.000    10000.000   -15311.457        0.000        0.000      122.489
    1  D10000                     11.946     8060.000    10000.000   -15299.511        0.000        0.000      122.489
    2  ITV1L02                    11.946     8060.000    10000.000   -15299.511        0.000        0.000      122.489
    3  D10001                     23.884     8060.000    10000.000   -15287.573        0.000        0.000      122.489
    4  MAT1L02H                   23.884     8060.000    10000.000   -15287.573        0.000        0.000      122.489
    5  D10002                     45.855     8060.000    10000.000   -15265.602        0.000        0.000      122.489
    6  MAT1L02V                   45.855     8060.000    10000.000   -15265.602        0.000        0.000      122.489
    7  D10003                     65.235     8060.000    10000.000   -15246.222        0.000        0.000      122.489
    8  IPM1L02                    65.235     8060.000    10000.000   -15246.222        0.000        0.000      122.489
    9  D10004                     82.504     8060.000    10000.000   -15228.953        0.000        0.000      122.489
   10  MQB1L02                    97.504     8060.000    10000.000   -15213.953        0.000        0.000      122.489
   11  D10005                    208.414     8060.000    10000.000   -15103.043        0.000        0.000      122.489
   12  R121                      258.414     8060.000    10000.000   -15053.043        0.000        0.000      126.177
   13  D10006                    283.414     8060.000    10000.000   -15028.043        0.000        0.000      126.177
   14  R122                      333.414     8060.000    10000.000   -14978.043        0.000        0.000      129.864
   15  D10007                    399.474     8060.000    10000.000   -14911.983        0.000        0.000      129.864
   16  R123                      449.474     8060.000    10000.000   -14861.983        0.000        0.000      133.552
   17  D10006                    474.474     8060.000    10000.000   -14836.983        0.000        0.000      133.552
   18  R124                      524.474     8060.000    10000.000   -14786.983        0.000        0.000      137.239
   19  D10007                    590.534     8060.000    10000.000   -14720.923        0.000        0.000      137.239
   20  R125                      640.534     8060.000    10000.000   -14670.923        0.000        0.000      140.927
   21  D10006                    665.534     8060.000    10000.000   -14645.923        0.000        0.000      140.927
   22  R126                      715.534     8060.000    10000.000   -14595.923        0.000        0.000      144.614
   23  D10007                    781.594     8060.000    10000.000   -14529.863        0.000        0.000      144.614
   24  R127                      831.594     8060.000    10000.000   -14479.863        0.000        0.000      148.302
   25  D10006                    856.594     8060.000    10000.000   -14454.863        0.000        0.000      148.302
   26  R128                      906.594     8060.000    10000.000   -14404.863        0.000        0.000      151.989
   27  D10008                   1005.859     8060.000    10000.000   -14305.598        0.000        0.000      151.989
   28  MAT1L03V                 1005.859     8060.000    10000.000   -14305.598        0.000        0.000      151.989
   29  D10003                   1025.239     8060.000    10000.000   -14286.218        0.000        0.000      151.989
   30  IPM1L03                  1025.239     8060.000    10000.000   -14286.218        0.000        0.000      151.989
   31  D10009                   1025.504     8060.000    10000.000   -14285.953        0.000        0.000      151.989
   32  MQSnl                    1032.504     8060.000    10000.000   -14278.953        0.000        0.000      151.989
   33  D10010                   1042.504     8060.000    10000.000   -14268.953        0.000        0.000      151.989
   34  MQB1L03                  1057.504     8060.000    10000.000   -14253.953        0.000        0.000      151.989
   35  D10005                   1168.414     8060.000    10000.000   -14143.043        0.000        0.000      151.989
   36  R131                     1218.414     8060.000    10000.000   -14093.043        0.000        0.000      155.677
   37  D10006                   1243.414     8060.000    10000.000   -14068.043        0.000        0.000      155.677
   38  R132                     1293.414     8060.000    10000.000   -14018.043        0.000        0.000      159.364
   39  D10007                   1359.474     8060.000    10000.000   -13951.983        0.000        0.000      159.364
   40  R133                     1409.474     8060.000    10000.000   -13901.983        0.000        0.000      163.052
   41  D10006                   1434.474     8060.000    10000.000   -13876.983        0.000        0.000      163.052
   42  R134                     1484.474     8060.000    10000.000   -13826.983        0.000        0.000      166.739
   43  D10007                   1550.534     8060.000    10000.000   -13760.923        0.000        0.000      166.739
   44  R135                     1600.534     8060.000    10000.000   -13710.923        0.000        0.000      170.427
   45  D10006                   1625.534     8060.000    10000.000   -13685.923        0.000        0.000      170.427
   46  R136                     1675.534     8060.000    10000.000   -13635.923        0.000        0.000      174.114
   47  D10007                   1741.594     8060.000    10000.000   -13569.863        0.000        0.000      174.114
   48  R137                     1791.594     8060.000    10000.000   -13519.863        0.000        0.000      177.802
   49  D10006                   1816.594     8060.000    10000.000   -13494.863        0.000        0.000      177.802
   50  R138                     1866.594     8060.000    10000.000   -13444.863        0.000        0.000      181.489
   51  D10011                   1943.888     8060.000    10000.000   -13367.569        0.000        0.000      181.489
   52  MAT1L04H                 1943.888     8060.000    10000.000   -13367.569        0.000        0.000      181.489
   53  D10012                   1985.239     8060.000    10000.000   -13326.218        0.000        0.000      181.489
   54  IPM1L04                  1985.239     8060.000    10000.000   -13326.218        0.000        0.000      181.489
   55  D10009                   1985.504     8060.000    10000.000   -13325.953        0.000        0.000      181.489
   56  MQSnl                    1992.504     8060.000    10000.000   -13318.953        0.000        0.000      181.489
   57  D10010                   2002.504     8060.000    10000.000   -13308.953        0.000        0.000      181.489
   58  MQB1L04                  2017.504     8060.000    10000.000   -13293.953        0.000        0.000      181.489
   59  D10005                   2128.414     8060.000    10000.000   -13183.043        0.000        0.000      181.489
   60  R141                     2178.414     8060.000    10000.000   -13133.043        0.000        0.000      185.177
   61  D10006                   2203.414     8060.000    10000.000   -13108.043        0.000        0.000      185.177
   62  R142                     2253.414     8060.000    10000.000   -13058.043        0.000        0.000      188.864
   63  D10007                   2319.474     8060.000    10000.000   -12991.983        0.000        0.000      188.864
   64  R143                     2369.474     8060.000    10000.000   -12941.983        0.000        0.000      192.552
   65  D10006                   2394.474     8060.000    10000.000   -12916.983        0.000        0.000      192.552
   66  R144                     2444.474     8060.000    10000.000   -12866.983        0.000        0.000      196.239
   67  D10007                   2510.534     8060.000    10000.000   -12800.923        0.000        0.000      196.239
   68  R145                     2560.534     8060.000    10000.000   -12750.923        0.000        0.000      199.927
   69  D10006                   2585.534     8060.000    10000.000   -12725.923        0.000        0.000      199.927
   70  R146                     2635.534     8060.000    10000.000   -12675.923        0.000        0.000      203.614
   71  D10007                   2701.594     8060.000    10000.000   -12609.863        0.000        0.000      203.614
   72  R147                     2751.594     8060.000    10000.000   -12559.863        0.000        0.000      207.302
   73  D10006                   2776.594     8060.000    10000.000   -12534.863        0.000        0.000      207.302
   74  R148                     2826.594     8060.000    10000.000   -12484.863        0.000        0.000      210.989
   75  D10008                   2925.859     8060.000    10000.000   -12385.598        0.000        0.000      210.989
   76  MAT1L05V                 2925.859     8060.000    10000.000   -12385.598        0.000        0.000      210.989
   77  D10003                   2945.239     8060.000    10000.000   -12366.218        0.000        0.000      210.989
   78  IPM1L05                  2945.239     8060.000    10000.000   -12366.218        0.000        0.000      210.989
   79  D10009                   2945.504     8060.000    10000.000   -12365.953        0.000        0.000      210.989
   80  MQSnl                    2952.504     8060.000    10000.000   -12358.953        0.000        0.000      210.989
   81  D10010                   2962.504     8060.000    10000.000   -12348.953        0.000        0.000      210.989
   82  MQB1L05                  2977.504     8060.000    10000.000   -12333.953        0.000        0.000      210.989
   83  D10005                   3088.414     8060.000    10000.000   -12223.043        0.000        0.000      210.989
   84  R151                     3138.414     8060.000    10000.000   -12173.043        0.000        0.000      214.677
   85  D10006                   3163.414     8060.000    10000.000   -12148.043        0.000        0.000      214.677
   86  R152                     3213.414     8060.000    10000.000   -12098.043        0.000        0.000      218.364
   87  D10007                   3279.474     8060.000    10000.000   -12031.983        0.000        0.000      218.364
   88  R153                     3329.474     8060.000    10000.000   -11981.983        0.000        0.000      222.052
   89  D10006                   3354.474     8060.000    10000.000   -11956.983        0.000        0.000      222.052
   90  R154                     3404.474     8060.000    10000.000   -11906.983        0.000        0.000      225.739
   91  D10007                   3470.534     8060.000    10000.000   -11840.923        0.000        0.000      225.739
   92  R155                     3520.534     8060.000    10000.000   -11790.923        0.000        0.000      229.427
   93  D10006                   3545.534     8060.000    10000.000   -11765.923        0.000        0.000      229.427
   94  R156                     3595.534     8060.000    10000.000   -11715.923        0.000        0.000      233.114
   95  D10007                   3661.594     8060.000    10000.000   -11649.863        0.000        0.000      233.114
   96  R157                     3711.594     8060.000    10000.000   -11599.863        0.000        0.000      236.802
   97  D10006                   3736.594     8060.000    10000.000   -11574.863        0.000        0.000      236.802
   98  R158                     3786.594     8060.000    10000.000   -11524.863        0.000        0.000      240.489
   99  D10013                   3851.950     8060.000    10000.000   -11459.507        0.000        0.000      240.489
  100  ITV1L06                  3851.950     8060.000    10000.000   -11459.507        0.000        0.000      240.489
  101  D10001                   3863.888     8060.000    10000.000   -11447.569        0.000        0.000      240.489
  102  MAT1L06H                 3863.888     8060.000    10000.000   -11447.569        0.000        0.000      240.489
  103  D10012                   3905.239     8060.000    10000.000   -11406.218        0.000        0.000      240.489
  104  IPM1L06                  3905.239     8060.000    10000.000   -11406.218        0.000        0.000      240.489
  105  D10009                   3905.504     8060.000    10000.000   -11405.953        0.000        0.000      240.489
  106  MQSnl                    3912.504     8060.000    10000.000   -11398.953        0.000        0.000      240.489
  107  D10010                   3922.504     8060.000    10000.000   -11388.953        0.000        0.000      240.489
  108  MQB1L06                  3937.504     8060.000    10000.000   -11373.953        0.000        0.000      240.489
  109  D10005                   4048.414     8060.000    10000.000   -11263.043        0.000        0.000      240.489
  110  R161                     4098.414     8060.000    10000.000   -11213.043        0.000        0.000      244.177
  111  D10006                   4123.414     8060.000    10000.000   -11188.043        0.000        0.000      244.177
  112  R162                     4173.414     8060.000    10000.000   -11138.043        0.000        0.000      247.864
  113  D10007                   4239.474     8060.000    10000.000   -11071.983        0.000        0.000      247.864
  114  R163                     4289.474     8060.000    10000.000   -11021.983        0.000        0.000      251.552
  115  D10006                   4314.474     8060.000    10000.000   -10996.983        0.000        0.000      251.552
  116  R164                     4364.474     8060.000    10000.000   -10946.983        0.000        0.000      255.239
  117  D10007                   4430.534     8060.000    10000.000   -10880.923        0.000        0.000      255.239
  118  R165                     4480.534     8060.000    10000.000   -10830.923        0.000        0.000      258.927
  119  D10006                   4505.534     8060.000    10000.000   -10805.923        0.000        0.000      258.927
  120  R166                     4555.534     8060.000    10000.000   -10755.923        0.000        0.000      262.614
  121  D10007                   4621.594     8060.000    10000.000   -10689.863        0.000        0.000      262.614
  122  R167                     4671.594     8060.000    10000.000   -10639.863        0.000        0.000      266.302
  123  D10006                   4696.594     8060.000    10000.000   -10614.863        0.000        0.000      266.302
  124  R168                     4746.594     8060.000    10000.000   -10564.863        0.000        0.000      269.989
  125  D10008                   4845.859     8060.000    10000.000   -10465.598        0.000        0.000      269.989
  126  MAT1L07V                 4845.859     8060.000    10000.000   -10465.598        0.000        0.000      269.989
  127  D10003                   4865.239     8060.000    10000.000   -10446.218        0.000        0.000      269.989
  128  IPM1L07                  4865.239     8060.000    10000.000   -10446.218        0.000        0.000      269.989
  129  D10009                   4865.504     8060.000    10000.000   -10445.953        0.000        0.000      269.989
  130  MQSnl                    4872.504     8060.000    10000.000   -10438.953        0.000        0.000      269.989
  131  D10010                   4882.504     8060.000    10000.000   -10428.953        0.000        0.000      269.989
  132  MQB1L07                  4897.504     8060.000    10000.000   -10413.953        0.000        0.000      269.989
  133  D10005                   5008.414     8060.000    10000.000   -10303.043        0.000        0.000      269.989
  134  R171                     5058.414     8060.000    10000.000   -10253.043        0.000        0.000      273.677
  135  D10006                   5083.414     8060.000    10000.000   -10228.043        0.000        0.000      273.677
  136  R172                     5133.414     8060.000    10000.000   -10178.043        0.000        0.000      277.364
  137  D10007                   5199.474     8060.000    10000.000   -10111.983        0.000        0.000      277.364
  138  R173                     5249.474     8060.000    10000.000   -10061.983        0.000        0.000      281.052
  139  D10006                   5274.474     8060.000    10000.000   -10036.983        0.000        0.000      281.052
  140  R174                     5324.474     8060.000    10000.000    -9986.983        0.000        0.000      284.739
  141  D10007                   5390.534     8060.000    10000.000    -9920.923        0.000        0.000      284.739
  142  R175                     5440.534     8060.000    10000.000    -9870.923        0.000        0.000      288.427
  143  D10006                   5465.534     8060.000    10000.000    -9845.923        0.000        0.000      288.427
  144  R176                     5515.534     8060.000    10000.000    -9795.923        0.000        0.000      292.114
  145  D10007                   5581.594     8060.000    10000.000    -9729.863        0.000        0.000      292.114
  146  R177                     5631.594     8060.000    10000.000    -9679.863        0.000        0.000      295.802
  147  D10006                   5656.594     8060.000    10000.000    -9654.863        0.000        0.000      295.802
  148  R178                     5706.594     8060.000    10000.000    -9604.863        0.000        0.000      299.489
  149  D10014                   5783.862     8060.000    10000.000    -9527.595        0.000        0.000      299.489
  150  MAT1L08H                 5783.862     8060.000    10000.000    -9527.595        0.000        0.000      299.489
  151  D10015                   5823.809     8060.000    10000.000    -9487.648        0.000        0.000      299.489
  152  IPM1L08                  5823.809     8060.000    10000.000    -9487.648        0.000        0.000      299.489
  153  D10016                   5825.504     8060.000    10000.000    -9485.953        0.000        0.000      299.489
  154  MQSnl                    5832.504     8060.000    10000.000    -9478.953        0.000        0.000      299.489
  155  D10010                   5842.504     8060.000    10000.000    -9468.953        0.000        0.000      299.489
  156  MQB1L08                  5857.504     8060.000    10000.000    -9453.953        0.000        0.000      299.489
  157  D10005                   5968.414     8060.000    10000.000    -9343.043        0.000        0.000      299.489
  158  R181                     6018.414     8060.000    10000.000    -9293.043        0.000        0.000      303.177
  159  D10006                   6043.414     8060.000    10000.000    -9268.043        0.000        0.000      303.177
  160  R182                     6093.414     8060.000    10000.000    -9218.043        0.000        0.000      306.864
  161  D10007                   6159.474     8060.000    10000.000    -9151.983        0.000        0.000      306.864
  162  R183                     6209.474     8060.000    10000.000    -9101.983        0.000        0.000      310.552
  163  D10006                   6234.474     8060.000    10000.000    -9076.983        0.000        0.000      310.552
  164  R184                     6284.474     8060.000    10000.000    -9026.983        0.000        0.000      314.239
  165  D10007                   6350.534     8060.000    10000.000    -8960.923        0.000        0.000      314.239
  166  R185                     6400.534     8060.000    10000.000    -8910.923        0.000        0.000      317.927
  167  D10006                   6425.534     8060.000    10000.000    -8885.923        0.000        0.000      317.927
  168  R186                     6475.534     8060.000    10000.000    -8835.923        0.000        0.000      321.614
  169  D10007                   6541.594     8060.000    10000.000    -8769.863        0.000        0.000      321.614
  170  R187                     6591.594     8060.000    10000.000    -8719.863        0.000        0.000      325.302
  171  D10006                   6616.594     8060.000    10000.000    -8694.863        0.000        0.000      325.302
  172  R188                     6666.594     8060.000    10000.000    -8644.863        0.000        0.000      328.989
  173  D10014                   6743.862     8060.000    10000.000    -8567.595        0.000        0.000      328.989
  174  MBT1L09H                 6743.862     8060.000    10000.000    -8567.595        0.000        0.000      328.989
  175  D10017                   6765.833     8060.000    10000.000    -8545.624        0.000        0.000      328.989
  176  MAT1L09V                 6765.833     8060.000    10000.000    -8545.624        0.000        0.000      328.989
  177  D10018                   6783.809     8060.000    10000.000    -8527.648        0.000        0.000      328.989
  178  IPM1L09                  6783.809     8060.000    10000.000    -8527.648        0.000        0.000      328.989
  179  D10016                   6785.504     8060.000    10000.000    -8525.953        0.000        0.000      328.989
  180  MQSnl                    6792.504     8060.000    10000.000    -8518.953        0.000        0.000      328.989
  181  D10010                   6802.504     8060.000    10000.000    -8508.953        0.000        0.000      328.989
  182  MQB1L09                  6817.504     8060.000    10000.000    -8493.953        0.000        0.000      328.989
  183  D10005                   6928.414     8060.000    10000.000    -8383.043        0.000        0.000      328.989
  184  R191                     6978.414     8060.000    10000.000    -8333.043        0.000        0.000      332.677
  185  D10006                   7003.414     8060.000    10000.000    -8308.043        0.000        0.000      332.677
  186  R192                     7053.414     8060.000    10000.000    -8258.043        0.000        0.000      336.364
  187  D10007                   7119.474     8060.000    10000.000    -8191.983        0.000        0.000      336.364
  188  R193                     7169.474     8060.000    10000.000    -8141.983        0.000        0.000      340.052
  189  D10006                   7194.474     8060.000    10000.000    -8116.983        0.000        0.000      340.052
  190  R194                     7244.474     8060.000    10000.000    -8066.983        0.000        0.000      343.739
  191  D10007                   7310.534     8060.000    10000.000    -8000.923        0.000        0.000      343.739
  192  R195                     7360.534     8060.000    10000.000    -7950.923        0.000        0.000      347.427
  193  D10006                   7385.534     8060.000    10000.000    -7925.923        0.000        0.000      347.427
  194  R196                     7435.534     8060.000    10000.000    -7875.923        0.000        0.000      351.114
  195  D10007                   7501.594     8060.000    10000.000    -7809.863        0.000        0.000      351.114
  196  R197                     7551.594     8060.000    10000.000    -7759.863        0.000        0.000      354.802
  197  D10006                   7576.594     8060.000    10000.000    -7734.863        0.000        0.000      354.802
  198  R198                     7626.594     8060.000    10000.000    -7684.863        0.000        0.000      358.489
  199  D10019                   7692.102     8060.000    10000.000    -7619.355        0.000        0.000      358.489
  200  ITV1L10                  7692.102     8060.000    10000.000    -7619.355        0.000        0.000      358.489
  201  D10020                   7703.862     8060.000    10000.000    -7607.595        0.000        0.000      358.489
  202  MAT1L10H                 7703.862     8060.000    10000.000    -7607.595        0.000        0.000      358.489
  203  D10015                   7743.809     8060.000    10000.000    -7567.648        0.000        0.000      358.489
  204  IPM1L10                  7743.809     8060.000    10000.000    -7567.648        0.000        0.000      358.489
  205  D10016                   7745.504     8060.000    10000.000    -7565.953        0.000        0.000      358.489
  206  MQSnl                    7752.504     8060.000    10000.000    -7558.953        0.000        0.000      358.489
  207  D10010                   7762.504     8060.000    10000.000    -7548.953        0.000        0.000      358.489
  208  MQB1L10                  7777.504     8060.000    10000.000    -7533.953        0.000        0.000      358.489
  209  D10005                   7888.414     8060.000    10000.000    -7423.043        0.000        0.000      358.489
  210  R1A1                     7938.414     8060.000    10000.000    -7373.043        0.000        0.000      362.177
  211  D10006                   7963.414     8060.000    10000.000    -7348.043        0.000        0.000      362.177
  212  R1A2                     8013.414     8060.000    10000.000    -7298.043        0.000        0.000      365.864
  213  D10007                   8079.474     8060.000    10000.000    -7231.983        0.000        0.000      365.864
  214  R1A3                     8129.474     8060.000    10000.000    -7181.983        0.000        0.000      369.552
  215  D10006                   8154.474     8060.000    10000.000    -7156.983        0.000        0.000      369.552
  216  R1A4                     8204.474     8060.000    10000.000    -7106.983        0.000        0.000      373.239
  217  D10007                   8270.534     8060.000    10000.000    -7040.923        0.000        0.000      373.239
  218  R1A5                     8320.534     8060.000    10000.000    -6990.923        0.000        0.000      376.927
  219  D10006                   8345.534     8060.000    10000.000    -6965.923        0.000        0.000      376.927
  220  R1A6                     8395.534     8060.000    10000.000    -6915.923        0.000        0.000      380.614
  221  D10007                   8461.594     8060.000    10000.000    -6849.863        0.000        0.000      380.614
  222  R1A7                     8511.594     8060.000    10000.000    -6799.863        0.000        0.000      384.302
  223  D10006                   8536.594     8060.000    10000.000    -6774.863        0.000        0.000      384.302
  224  R1A8                     8586.594     8060.000    10000.000    -6724.863        0.000        0.000      387.989
  225  D10014                   8663.862     8060.000    10000.000    -6647.595        0.000        0.000      387.989
  226  MBT1L11H                 8663.862     8060.000    10000.000    -6647.595        0.000        0.000      387.989
  227  D10017                   8685.833     8060.000    10000.000    -6625.624        0.000        0.000      387.989
  228  MAT1L11V                 8685.833     8060.000    10000.000    -6625.624        0.000        0.000      387.989
  229  D10018                   8703.809     8060.000    10000.000    -6607.648        0.000        0.000      387.989
  230  IPM1L11                  8703.809     8060.000    10000.000    -6607.648        0.000        0.000      387.989
  231  D10016                   8705.504     8060.000    10000.000    -6605.953        0.000        0.000      387.989
  232  MQSnl                    8712.504     8060.000    10000.000    -6598.953        0.000        0.000      387.989
  233  D10010                   8722.504     8060.000    10000.000    -6588.953        0.000        0.000      387.989
  234  MQB1L11                  8737.504     8060.000    10000.000    -6573.953        0.000        0.000      387.989
  235  D10005                   8848.414     8060.000    10000.000    -6463.043        0.000        0.000      387.989
  236  R1B1                     8898.414     8060.000    10000.000    -6413.043        0.000        0.000      391.677
  237  D10006                   8923.414     8060.000    10000.000    -6388.043        0.000        0.000      391.677
  238  R1B2                     8973.414     8060.000    10000.000    -6338.043        0.000        0.000      395.364
  239  D10007                   9039.474     8060.000    10000.000    -6271.983        0.000        0.000      395.364
  240  R1B3                     9089.474     8060.000    10000.000    -6221.983        0.000        0.000      399.052
  241  D10006                   9114.474     8060.000    10000.000    -6196.983        0.000        0.000      399.052
  242  R1B4                     9164.474     8060.000    10000.000    -6146.983        0.000        0.000      402.739
  243  D10007                   9230.534     8060.000    10000.000    -6080.923        0.000        0.000      402.739
  244  R1B5                     9280.534     8060.000    10000.000    -6030.923        0.000        0.000      406.427
  245  D10006                   9305.534     8060.000    10000.000    -6005.923        0.000        0.000      406.427
  246  R1B6                     9355.534     8060.000    10000.000    -5955.923        0.000        0.000      410.114
  247  D10007                   9421.594     8060.000    10000.000    -5889.863        0.000        0.000      410.114
  248  R1B7                     9471.594     8060.000    10000.000    -5839.863        0.000        0.000      413.802
  249  D10006                   9496.594     8060.000    10000.000    -5814.863        0.000        0.000      413.802
  250  R1B8                     9546.594     8060.000    10000.000    -5764.863        0.000        0.000      417.489
  251  D10014                   9623.862     8060.000    10000.000    -5687.595        0.000        0.000      417.489
  252  MAT1L12H                 9623.862     8060.000    10000.000    -5687.595        0.000        0.000      417.489
  253  D10015                   9663.809     8060.000    10000.000    -5647.648        0.000        0.000      417.489
  254  IPM1L12                  9663.809     8060.000    10000.000    -5647.648        0.000        0.000      417.489
  255  D10016                   9665.504     8060.000    10000.000    -5645.953        0.000        0.000      417.489
  256  MQSnl                    9672.504     8060.000    10000.000    -5638.953        0.000        0.000      417.489
  257  D10010                   9682.504     8060.000    10000.000    -5628.953        0.000        0.000      417.489
  258  MQB1L12                  9697.504     8060.000    10000.000    -5613.953        0.000        0.000      417.489
  259  D10005                   9808.414     8060.000    10000.000    -5503.043        0.000        0.000      417.489
  260  R1C1                     9858.414     8060.000    10000.000    -5453.043        0.000        0.000      421.177
  261  D10006                   9883.414     8060.000    10000.000    -5428.043        0.000        0.000      421.177
  262  R1C2                     9933.414     8060.000    10000.000    -5378.043        0.000        0.000      424.864
  263  D10007                   9999.474     8060.000    10000.000    -5311.983        0.000        0.000      424.864
  264  R1C3                    10049.474     8060.000    10000.000    -5261.983        0.000        0.000      428.552
  265  D10006                  10074.474     8060.000    10000.000    -5236.983        0.000        0.000      428.552
  266  R1C4                    10124.474     8060.000    10000.000    -5186.983        0.000        0.000      432.239
  267  D10007                  10190.534     8060.000    10000.000    -5120.923        0.000        0.000      432.239
  268  R1C5                    10240.534     8060.000    10000.000    -5070.923        0.000        0.000      435.927
  269  D10006                  10265.534     8060.000    10000.000    -5045.923        0.000        0.000      435.927
  270  R1C6                    10315.534     8060.000    10000.000    -4995.923        0.000        0.000      439.614
  271  D10007                  10381.594     8060.000    10000.000    -4929.863        0.000        0.000      439.614
  272  R1C7                    10431.594     8060.000    10000.000    -4879.863        0.000        0.000      443.302
  273  D10006                  10456.594     8060.000    10000.000    -4854.863        0.000        0.000      443.302
  274  R1C8                    10506.594     8060.000    10000.000    -4804.863        0.000        0.000      446.989
  275  D10014                  10583.862     8060.000    10000.000    -4727.595        0.000        0.000      446.989
  276  MBT1L13H                10583.862     8060.000    10000.000    -4727.595        0.000        0.000      446.989
  277  D10017                  10605.833     8060.000    10000.000    -4705.624        0.000        0.000      446.989
  278  MAT1L13V                10605.833     8060.000    10000.000    -4705.624        0.000        0.000      446.989
  279  D10018                  10623.809     8060.000    10000.000    -4687.648        0.000        0.000      446.989
  280  IPM1L13                 10623.809     8060.000    10000.000    -4687.648        0.000        0.000      446.989
  281  D10016                  10625.504     8060.000    10000.000    -4685.953        0.000        0.000      446.989
  282  MQSnl                   10632.504     8060.000    10000.000    -4678.953        0.000        0.000      446.989
  283  D10010                  10642.504     8060.000    10000.000    -4668.953        0.000        0.000      446.989
  284  MQB1L13                 10657.504     8060.000    10000.000    -4653.953        0.000        0.000      446.989
  285  D10005                  10768.414     8060.000    10000.000    -4543.043        0.000        0.000      446.989
  286  R1D1                    10818.414     8060.000    10000.000    -4493.043        0.000        0.000      450.677
  287  D10006                  10843.414     8060.000    10000.000    -4468.043        0.000        0.000      450.677
  288  R1D2                    10893.414     8060.000    10000.000    -4418.043        0.000        0.000      454.364
  289  D10007                  10959.474     8060.000    10000.000    -4351.983        0.000        0.000      454.364
  290  R1D3                    11009.474     8060.000    10000.000    -4301.983        0.000        0.000      458.052
  291  D10006                  11034.474     8060.000    10000.000    -4276.983        0.000        0.000      458.052
  292  R1D4                    11084.474     8060.000    10000.000    -4226.983        0.000        0.000      461.739
  293  D10007                  11150.534     8060.000    10000.000    -4160.923        0.000        0.000      461.739
  294  R1D5                    11200.534     8060.000    10000.000    -4110.923        0.000        0.000      465.427
  295  D10006                  11225.534     8060.000    10000.000    -4085.923        0.000        0.000      465.427
  296  R1D6                    11275.534     8060.000    10000.000    -4035.923        0.000        0.000      469.114
  297  D10007                  11341.594     8060.000    10000.000    -3969.863        0.000        0.000      469.114
  298  R1D7                    11391.594     8060.000    10000.000    -3919.863        0.000        0.000      472.802
  299  D10006                  11416.594     8060.000    10000.000    -3894.863        0.000        0.000      472.802
  300  R1D8                    11466.594     8060.000    10000.000    -3844.863        0.000        0.000      476.489
  301  D10019                  11532.102     8060.000    10000.000    -3779.355        0.000        0.000      476.489
  302  ITV1L14                 11532.102     8060.000    10000.000    -3779.355        0.000        0.000      476.489
  303  D10020                  11543.862     8060.000    10000.000    -3767.595        0.000        0.000      476.489
  304  MAT1L14H                11543.862     8060.000    10000.000    -3767.595        0.000        0.000      476.489
  305  D10015                  11583.809     8060.000    10000.000    -3727.648        0.000        0.000      476.489
  306  IPM1L14                 11583.809     8060.000    10000.000    -3727.648        0.000        0.000      476.489
  307  D10016                  11585.504     8060.000    10000.000    -3725.953        0.000        0.000      476.489
  308  MQSnl                   11592.504     8060.000    10000.000    -3718.953        0.000        0.000      476.489
  309  D10010                  11602.504     8060.000    10000.000    -3708.953        0.000        0.000      476.489
  310  MQB1L14                 11617.504     8060.000    10000.000    -3693.953        0.000        0.000      476.489
  311  D10005                  11728.414     8060.000    10000.000    -3583.043        0.000        0.000      476.489
  312  R1E1                    11778.414     8060.000    10000.000    -3533.043        0.000        0.000      480.177
  313  D10006                  11803.414     8060.000    10000.000    -3508.043        0.000        0.000      480.177
  314  R1E2                    11853.414     8060.000    10000.000    -3458.043        0.000        0.000      483.864
  315  D10007                  11919.474     8060.000    10000.000    -3391.983        0.000        0.000      483.864
  316  R1E3                    11969.474     8060.000    10000.000    -3341.983        0.000        0.000      487.552
  317  D10006                  11994.474     8060.000    10000.000    -3316.983        0.000        0.000      487.552
  318  R1E4                    12044.474     8060.000    10000.000    -3266.983        0.000        0.000      491.239
  319  D10007                  12110.534     8060.000    10000.000    -3200.923        0.000        0.000      491.239
  320  R1E5                    12160.534     8060.000    10000.000    -3150.923        0.000        0.000      494.927
  321  D10006                  12185.534     8060.000    10000.000    -3125.923        0.000        0.000      494.927
  322  R1E6                    12235.534     8060.000    10000.000    -3075.923        0.000        0.000      498.614
  323  D10007                  12301.594     8060.000    10000.000    -3009.863        0.000        0.000      498.614
  324  R1E7                    12351.594     8060.000    10000.000    -2959.863        0.000        0.000      502.302
  325  D10006                  12376.594     8060.000    10000.000    -2934.863        0.000        0.000      502.302
  326  R1E8                    12426.594     8060.000    10000.000    -2884.863        0.000        0.000      505.989
  327  D10021                  12525.833     8060.000    10000.000    -2785.624        0.000        0.000      505.989
  328  MAT1L15V                12525.833     8060.000    10000.000    -2785.624        0.000        0.000      505.989
  329  D10018                  12543.809     8060.000    10000.000    -2767.648        0.000        0.000      505.989
  330  IPM1L15                 12543.809     8060.000    10000.000    -2767.648        0.000        0.000      505.989
  331  D10016                  12545.504     8060.000    10000.000    -2765.953        0.000        0.000      505.989
  332  MQSnl                   12552.504     8060.000    10000.000    -2758.953        0.000        0.000      505.989
  333  D10010                  12562.504     8060.000    10000.000    -2748.953        0.000        0.000      505.989
  334  MQB1L15                 12577.504     8060.000    10000.000    -2733.953        0.000        0.000      505.989
  335  D10005                  12688.414     8060.000    10000.000    -2623.043        0.000        0.000      505.989
  336  R1F1                    12738.414     8060.000    10000.000    -2573.043        0.000        0.000      509.677
  337  D10006                  12763.414     8060.000    10000.000    -2548.043        0.000        0.000      509.677
  338  R1F2                    12813.414     8060.000    10000.000    -2498.043        0.000        0.000      513.364
  339  D10007                  12879.474     8060.000    10000.000    -2431.983        0.000        0.000      513.364
  340  R1F3                    12929.474     8060.000    10000.000    -2381.983        0.000        0.000      517.052
  341  D10006                  12954.474     8060.000    10000.000    -2356.983        0.000        0.000      517.052
  342  R1F4                    13004.474     8060.000    10000.000    -2306.983        0.000        0.000      520.739
  343  D10007                  13070.534     8060.000    10000.000    -2240.923        0.000        0.000      520.739
  344  R1F5                    13120.534     8060.000    10000.000    -2190.923        0.000        0.000      524.427
  345  D10006                  13145.534     8060.000    10000.000    -2165.923        0.000        0.000      524.427
  346  R1F6                    13195.534     8060.000    10000.000    -2115.923        0.000        0.000      528.114
  347  D10007                  13261.594     8060.000    10000.000    -2049.863        0.000        0.000      528.114
  348  R1F7                    13311.594     8060.000    10000.000    -1999.863        0.000        0.000      531.802
  349  D10006                  13336.594     8060.000    10000.000    -1974.863        0.000        0.000      531.802
  350  R1F8                    13386.594     8060.000    10000.000    -1924.863        0.000        0.000      535.489
  351  D10014                  13463.862     8060.000    10000.000    -1847.595        0.000        0.000      535.489
  352  MAT1L16H                13463.862     8060.000    10000.000    -1847.595        0.000        0.000      535.489
  353  D10015                  13503.809     8060.000    10000.000    -1807.648        0.000        0.000      535.489
  354  IPM1L16                 13503.809     8060.000    10000.000    -1807.648        0.000        0.000      535.489
  355  D10016                  13505.504     8060.000    10000.000    -1805.953        0.000        0.000      535.489
  356  MQSnl                   13512.504     8060.000    10000.000    -1798.953        0.000        0.000      535.489
  357  D10010                  13522.504     8060.000    10000.000    -1788.953        0.000        0.000      535.489
  358  MQB1L16                 13537.504     8060.000    10000.000    -1773.953        0.000        0.000      535.489
  359  D10005                  13648.414     8060.000    10000.000    -1663.043        0.000        0.000      535.489
  360  R1G1                    13698.414     8060.000    10000.000    -1613.043        0.000        0.000      539.177
  361  D10006                  13723.414     8060.000    10000.000    -1588.043        0.000        0.000      539.177
  362  R1G2                    13773.414     8060.000    10000.000    -1538.043        0.000        0.000      542.864
  363  D10007                  13839.474     8060.000    10000.000    -1471.983        0.000        0.000      542.864
  364  R1G3                    13889.474     8060.000    10000.000    -1421.983        0.000        0.000      546.552
  365  D10006                  13914.474     8060.000    10000.000    -1396.983        0.000        0.000      546.552
  366  R1G4                    13964.474     8060.000    10000.000    -1346.983        0.000        0.000      550.239
  367  D10007                  14030.534     8060.000    10000.000    -1280.923        0.000        0.000      550.239
  368  R1G5                    14080.534     8060.000    10000.000    -1230.923        0.000        0.000      553.927
  369  D10006                  14105.534     8060.000    10000.000    -1205.923        0.000        0.000      553.927
  370  R1G6                    14155.534     8060.000    10000.000    -1155.923        0.000        0.000      557.614
  371  D10007                  14221.594     8060.000    10000.000    -1089.863        0.000        0.000      557.614
  372  R1G7                    14271.594     8060.000    10000.000    -1039.863        0.000        0.000      561.302
  373  D10006                  14296.594     8060.000    10000.000    -1014.863        0.000        0.000      561.302
  374  R1G8                    14346.594     8060.000    10000.000     -964.863        0.000        0.000      564.989
  375  D10021                  14445.833     8060.000    10000.000     -865.624        0.000        0.000      564.989
  376  MAT1L17V                14445.833     8060.000    10000.000     -865.624        0.000        0.000      564.989
  377  D10018                  14463.809     8060.000    10000.000     -847.648        0.000        0.000      564.989
  378  IPM1L17                 14463.809     8060.000    10000.000     -847.648        0.000        0.000      564.989
  379  D10016                  14465.504     8060.000    10000.000     -845.953        0.000        0.000      564.989
  380  MQSnl                   14472.504     8060.000    10000.000     -838.953        0.000        0.000      564.989
  381  D10010                  14482.504     8060.000    10000.000     -828.953        0.000        0.000      564.989
  382  MQB1L17                 14497.504     8060.000    10000.000     -813.953        0.000        0.000      564.989
  383  D10005                  14608.414     8060.000    10000.000     -703.043        0.000        0.000      564.989
  384  R1H1                    14658.414     8060.000    10000.000     -653.043        0.000        0.000      568.677
  385  D10006                  14683.414     8060.000    10000.000     -628.043        0.000        0.000      568.677
  386  R1H2                    14733.414     8060.000    10000.000     -578.043        0.000        0.000      572.364
  387  D10007                  14799.474     8060.000    10000.000     -511.983        0.000        0.000      572.364
  388  R1H3                    14849.474     8060.000    10000.000     -461.983        0.000        0.000      576.052
  389  D10006                  14874.474     8060.000    10000.000     -436.983        0.000        0.000      576.052
  390  R1H4                    14924.474     8060.000    10000.000     -386.983        0.000        0.000      579.739
  391  D10007                  14990.534     8060.000    10000.000     -320.923        0.000        0.000      579.739
  392  R1H5                    15040.534     8060.000    10000.000     -270.923        0.000        0.000      583.427
  393  D10006                  15065.534     8060.000    10000.000     -245.923        0.000        0.000      583.427
  394  R1H6                    15115.534     8060.000    10000.000     -195.923        0.000        0.000      587.114
  395  D10007                  15181.594     8060.000    10000.000     -129.863        0.000        0.000      587.114
  396  R1H7                    15231.594     8060.000    10000.000      -79.863        0.000        0.000      590.802
  397  D10006                  15256.594     8060.000    10000.000      -54.863        0.000        0.000      590.802
  398  R1H8                    15306.594     8060.000    10000.000       -4.863        0.000        0.000      594.489
  399  D10019                  15372.102     8060.000    10000.000       60.645        0.000        0.000      594.489
  400  ITV1L18                 15372.102     8060.000    10000.000       60.645        0.000        0.000      594.489
  401  D10020                  15383.862     8060.000    10000.000       72.405        0.000        0.000      594.489
  402  MAT1L18H                15383.862     8060.000    10000.000       72.405        0.000        0.000      594.489
  403  D10015                  15423.809     8060.000    10000.000      112.352        0.000        0.000      594.489
  404  IPM1L18                 15423.809     8060.000    10000.000      112.352        0.000        0.000      594.489
  405  D10016                  15425.504     8060.000    10000.000      114.047        0.000        0.000      594.489
  406  MQSnl                   15432.504     8060.000    10000.000      121.047        0.000        0.000      594.489
  407  D10010                  15442.504     8060.000    10000.000      131.047        0.000        0.000      594.489
  408  MQB1L18                 15457.504     8060.000    10000.000      146.047        0.000        0.000      594.489
  409  D10005                  15568.414     8060.000    10000.000      256.957        0.000        0.000      594.489
  410  R1I1                    15618.414     8060.000    10000.000      306.957        0.000        0.000      598.177
  411  D10006                  15643.414     8060.000    10000.000      331.957        0.000        0.000      598.177
  412  R1I2                    15693.414     8060.000    10000.000      381.957        0.000        0.000      601.864
  413  D10007                  15759.474     8060.000    10000.000      448.017        0.000        0.000      601.864
  414  R1I3                    15809.474     8060.000    10000.000      498.017        0.000        0.000      605.552
  415  D10006                  15834.474     8060.000    10000.000      523.017        0.000        0.000      605.552
  416  R1I4                    15884.474     8060.000    10000.000      573.017        0.000        0.000      609.239
  417  D10007                  15950.534     8060.000    10000.000      639.077        0.000        0.000      609.239
  418  R1I5                    16000.534     8060.000    10000.000      689.077        0.000        0.000      612.927
  419  D10006                  16025.534     8060.000    10000.000      714.077        0.000        0.000      612.927
  420  R1I6                    16075.534     8060.000    10000.000      764.077        0.000        0.000      616.614
  421  D10007                  16141.594     8060.000    10000.000      830.137        0.000        0.000      616.614
  422  R1I7                    16191.594     8060.000    10000.000      880.137        0.000        0.000      620.302
  423  D10006                  16216.594     8060.000    10000.000      905.137        0.000        0.000      620.302
  424  R1I8                    16266.594     8060.000    10000.000      955.137        0.000        0.000      623.989
  425  D10021                  16365.833     8060.000    10000.000     1054.376        0.000        0.000      623.989
  426  MAT1L19V                16365.833     8060.000    10000.000     1054.376        0.000        0.000      623.989
  427  D10018                  16383.809     8060.000    10000.000     1072.352        0.000        0.000      623.989
  428  IPM1L19                 16383.809     8060.000    10000.000     1072.352        0.000        0.000      623.989
  429  D10016                  16385.504     8060.000    10000.000     1074.047        0.000        0.000      623.989
  430  MQSnl                   16392.504     8060.000    10000.000     1081.047        0.000        0.000      623.989
  431  D10010                  16402.504     8060.000    10000.000     1091.047        0.000        0.000      623.989
  432  MQB1L19                 16417.504     8060.000    10000.000     1106.047        0.000        0.000      623.989
  433  D10005                  16528.414     8060.000    10000.000     1216.957        0.000        0.000      623.989
  434  R1J1                    16578.414     8060.000    10000.000     1266.957        0.000        0.000      627.677
  435  D10006                  16603.414     8060.000    10000.000     1291.957        0.000        0.000      627.677
  436  R1J2                    16653.414     8060.000    10000.000     1341.957        0.000        0.000      631.364
  437  D10007                  16719.474     8060.000    10000.000     1408.017        0.000        0.000      631.364
  438  R1J3                    16769.474     8060.000    10000.000     1458.017        0.000        0.000      635.052
  439  D10006                  16794.474     8060.000    10000.000     1483.017        0.000        0.000      635.052
  440  R1J4                    16844.474     8060.000    10000.000     1533.017        0.000        0.000      638.739
  441  D10007                  16910.534     8060.000    10000.000     1599.077        0.000        0.000      638.739
  442  R1J5                    16960.534     8060.000    10000.000     1649.077        0.000        0.000      642.427
  443  D10006                  16985.534     8060.000    10000.000     1674.077        0.000        0.000      642.427
  444  R1J6                    17035.534     8060.000    10000.000     1724.077        0.000        0.000      646.114
  445  D10007                  17101.594     8060.000    10000.000     1790.137        0.000        0.000      646.114
  446  R1J7                    17151.594     8060.000    10000.000     1840.137        0.000        0.000      649.802
  447  D10006                  17176.594     8060.000    10000.000     1865.137        0.000        0.000      649.802
  448  R1J8                    17226.594     8060.000    10000.000     1915.137        0.000        0.000      653.489
  449  D10014                  17303.862     8060.000    10000.000     1992.405        0.000        0.000      653.489
  450  MAT1L20H                17303.862     8060.000    10000.000     1992.405        0.000        0.000      653.489
  451  D10015                  17343.809     8060.000    10000.000     2032.352        0.000        0.000      653.489
  452  IPM1L20                 17343.809     8060.000    10000.000     2032.352        0.000        0.000      653.489
  453  D10016                  17345.504     8060.000    10000.000     2034.047        0.000        0.000      653.489
  454  MQSnl                   17352.504     8060.000    10000.000     2041.047        0.000        0.000      653.489
  455  D10010                  17362.504     8060.000    10000.000     2051.047        0.000        0.000      653.489
  456  MQB1L20                 17377.504     8060.000    10000.000     2066.047        0.000        0.000      653.489
  457  D10005                  17488.414     8060.000    10000.000     2176.957        0.000        0.000      653.489
  458  R1K1                    17538.414     8060.000    10000.000     2226.957        0.000        0.000      657.177
  459  D10006                  17563.414     8060.000    10000.000     2251.957        0.000        0.000      657.177
  460  R1K2                    17613.414     8060.000    10000.000     2301.957        0.000        0.000      660.864
  461  D10007                  17679.474     8060.000    10000.000     2368.017        0.000        0.000      660.864
  462  R1K3                    17729.474     8060.000    10000.000     2418.017        0.000        0.000      664.552
  463  D10006                  17754.474     8060.000    10000.000     2443.017        0.000        0.000      664.552
  464  R1K4                    17804.474     8060.000    10000.000     2493.017        0.000        0.000      668.239
  465  D10007                  17870.534     8060.000    10000.000     2559.077        0.000        0.000      668.239
  466  R1K5                    17920.534     8060.000    10000.000     2609.077        0.000        0.000      671.927
  467  D10006                  17945.534     8060.000    10000.000     2634.077        0.000        0.000      671.927
  468  R1K6                    17995.534     8060.000    10000.000     2684.077        0.000        0.000      675.614
  469  D10007                  18061.594     8060.000    10000.000     2750.137        0.000        0.000      675.614
  470  R1K7                    18111.594     8060.000    10000.000     2800.137        0.000        0.000      679.302
  471  D10006                  18136.594     8060.000    10000.000     2825.137        0.000        0.000      679.302
  472  R1K8                    18186.594     8060.000    10000.000     2875.137        0.000        0.000      682.989
  473  D10021                  18285.833     8060.000    10000.000     2974.376        0.000        0.000      682.989
  474  MAT1L21V                18285.833     8060.000    10000.000     2974.376        0.000        0.000      682.989
  475  D10018                  18303.809     8060.000    10000.000     2992.352        0.000        0.000      682.989
  476  IPM1L21                 18303.809     8060.000    10000.000     2992.352        0.000        0.000      682.989
  477  D10016                  18305.504     8060.000    10000.000     2994.047        0.000        0.000      682.989
  478  MQSnl                   18312.504     8060.000    10000.000     3001.047        0.000        0.000      682.989
  479  D10010                  18322.504     8060.000    10000.000     3011.047        0.000        0.000      682.989
  480  MQB1L21                 18337.504     8060.000    10000.000     3026.047        0.000        0.000      682.989
  481  D10005                  18448.414     8060.000    10000.000     3136.957        0.000        0.000      682.989
  482  R1L1                    18498.414     8060.000    10000.000     3186.957        0.000        0.000      686.677
  483  D10006                  18523.414     8060.000    10000.000     3211.957        0.000        0.000      686.677
  484  R1L2                    18573.414     8060.000    10000.000     3261.957        0.000        0.000      690.364
  485  D10007                  18639.474     8060.000    10000.000     3328.017        0.000        0.000      690.364
  486  R1L3                    18689.474     8060.000    10000.000     3378.017        0.000        0.000      694.052
  487  D10006                  18714.474     8060.000    10000.000     3403.017        0.000        0.000      694.052
  488  R1L4                    18764.474     8060.000    10000.000     3453.017        0.000        0.000      697.739
  489  D10007                  18830.534     8060.000    10000.000     3519.077        0.000        0.000      697.739
  490  R1L5                    18880.534     8060.000    10000.000     3569.077        0.000        0.000      701.427
  491  D10006                  18905.534     8060.000    10000.000     3594.077        0.000        0.000      701.427
  492  R1L6                    18955.534     8060.000    10000.000     3644.077        0.000        0.000      705.114
  493  D10007                  19021.594     8060.000    10000.000     3710.137        0.000        0.000      705.114
  494  R1L7                    19071.594     8060.000    10000.000     3760.137        0.000        0.000      708.802
  495  D10006                  19096.594     8060.000    10000.000     3785.137        0.000        0.000      708.802
  496  R1L8                    19146.594     8060.000    10000.000     3835.137        0.000        0.000      712.489
  497  D10019                  19212.102     8060.000    10000.000     3900.645        0.000        0.000      712.489
  498  ITV1L22                 19212.102     8060.000    10000.000     3900.645        0.000        0.000      712.489
  499  D10020                  19223.862     8060.000    10000.000     3912.405        0.000        0.000      712.489
  500  MAT1L22H                19223.862     8060.000    10000.000     3912.405        0.000        0.000      712.489
  501  D10015                  19263.809     8060.000    10000.000     3952.352        0.000        0.000      712.489
  502  IPM1L22                 19263.809     8060.000    10000.000     3952.352        0.000        0.000      712.489
  503  D10022                  19282.504     8060.000    10000.000     3971.047        0.000        0.000      712.489
  504  MQB1L22                 19297.504     8060.000    10000.000     3986.047        0.000        0.000      712.489
  505  D100A05                 19398.414     8060.000    10000.000     4086.957        0.000        0.000      712.489
  506  R1M1                    19468.414     8060.000    10000.000     4156.957        0.000        0.000      724.989
  507  D100A06                 19473.414     8060.000    10000.000     4161.957        0.000        0.000      724.989
  508  R1M2                    19543.414     8060.000    10000.000     4231.957        0.000        0.000      737.489
  509  D100A07                 19589.474     8060.000    10000.000     4278.017        0.000        0.000      737.489
  510  R1M3                    19659.474     8060.000    10000.000     4348.017        0.000        0.000      749.989
  511  D100A06                 19664.474     8060.000    10000.000     4353.017        0.000        0.000      749.989
  512  R1M4                    19734.474     8060.000    10000.000     4423.017        0.000        0.000      762.489
  513  D100A07                 19780.534     8060.000    10000.000     4469.077        0.000        0.000      762.489
  514  R1M5                    19850.534     8060.000    10000.000     4539.077        0.000        0.000      774.989
  515  D100A06                 19855.534     8060.000    10000.000     4544.077        0.000        0.000      774.989
  516  R1M6                    19925.534     8060.000    10000.000     4614.077        0.000        0.000      787.489
  517  D100A07                 19971.594     8060.000    10000.000     4660.137        0.000        0.000      787.489
  518  R1M7                    20041.594     8060.000    10000.000     4730.137        0.000        0.000      799.989
  519  D100A06                 20046.594     8060.000    10000.000     4735.137        0.000        0.000      799.989
  520  R1M8                    20116.594     8060.000    10000.000     4805.137        0.000        0.000      812.489
  521  D100A21                 20205.833     8060.000    10000.000     4894.376        0.000        0.000      812.489
  522  MAT1L23V                20205.833     8060.000    10000.000     4894.376        0.000        0.000      812.489
  523  D100A18                 20223.809     8060.000    10000.000     4912.352        0.000        0.000      812.489
  524  IPM1L23                 20223.809     8060.000    10000.000     4912.352        0.000        0.000      812.489
  525  D100A22                 20242.504     8060.000    10000.000     4931.047        0.000        0.000      812.489
  526  MQB1L23                 20257.504     8060.000    10000.000     4946.047        0.000        0.000      812.489
  527  D100A05                 20358.414     8060.000    10000.000     5046.957        0.000        0.000      812.489
  528  R1N1                    20428.414     8060.000    10000.000     5116.957        0.000        0.000      824.989
  529  D100A06                 20433.414     8060.000    10000.000     5121.957        0.000        0.000      824.989
  530  R1N2                    20503.414     8060.000    10000.000     5191.957        0.000        0.000      837.489
  531  D100A07                 20549.474     8060.000    10000.000     5238.017        0.000        0.000      837.489
  532  R1N3                    20619.474     8060.000    10000.000     5308.017        0.000        0.000      849.989
  533  D100A06                 20624.474     8060.000    10000.000     5313.017        0.000        0.000      849.989
  534  R1N4                    20694.474     8060.000    10000.000     5383.017        0.000        0.000      862.489
  535  D100A07                 20740.534     8060.000    10000.000     5429.077        0.000        0.000      862.489
  536  R1N5                    20810.534     8060.000    10000.000     5499.077        0.000        0.000      874.989
  537  D100A06                 20815.534     8060.000    10000.000     5504.077        0.000        0.000      874.989
  538  R1N6                    20885.534     8060.000    10000.000     5574.077        0.000        0.000      887.489
  539  D100A07                 20931.594     8060.000    10000.000     5620.137        0.000        0.000      887.489
  540  R1N7                    21001.594     8060.000    10000.000     5690.137        0.000        0.000      899.989
  541  D100A06                 21006.594     8060.000    10000.000     5695.137        0.000        0.000      899.989
  542  R1N8                    21076.594     8060.000    10000.000     5765.137        0.000        0.000      912.489
  543  D100A14                 21143.862     8060.000    10000.000     5832.405        0.000        0.000      912.489
  544  MAT1L24H                21143.862     8060.000    10000.000     5832.405        0.000        0.000      912.489
  545  D100A15                 21183.809     8060.000    10000.000     5872.352        0.000        0.000      912.489
  546  IPM1L24                 21183.809     8060.000    10000.000     5872.352        0.000        0.000      912.489
  547  D100A22                 21202.504     8060.000    10000.000     5891.047        0.000        0.000      912.489
  548  MQB1L24                 21217.504     8060.000    10000.000     5906.047        0.000        0.000      912.489
  549  D100A05                 21318.414     8060.000    10000.000     6006.957        0.000        0.000      912.489
  550  R1O1                    21388.414     8060.000    10000.000     6076.957        0.000        0.000      924.989
  551  D100A06                 21393.414     8060.000    10000.000     6081.957        0.000        0.000      924.989
  552  R1O2                    21463.414     8060.000    10000.000     6151.957        0.000        0.000      937.489
  553  D100A07                 21509.474     8060.000    10000.000     6198.017        0.000        0.000      937.489
  554  R1O3                    21579.474     8060.000    10000.000     6268.017        0.000        0.000      949.989
  555  D100A06                 21584.474     8060.000    10000.000     6273.017        0.000        0.000      949.989
  556  R1O4                    21654.474     8060.000    10000.000     6343.017        0.000        0.000      962.489
  557  D100A07                 21700.534     8060.000    10000.000     6389.077        0.000        0.000      962.489
  558  R1O5                    21770.534     8060.000    10000.000     6459.077        0.000        0.000      974.989
  559  D100A06                 21775.534     8060.000    10000.000     6464.077        0.000        0.000      974.989
  560  R1O6                    21845.534     8060.000    10000.000     6534.077        0.000        0.000      987.489
  561  D100A07                 21891.594     8060.000    10000.000     6580.137        0.000        0.000      987.489
  562  R1O7                    21961.594     8060.000    10000.000     6650.137        0.000        0.000      999.989
  563  D100A06                 21966.594     8060.000    10000.000     6655.137        0.000        0.000      999.989
  564  R1O8                    22036.594     8060.000    10000.000     6725.137        0.000        0.000     1012.489
  565  D100A21                 22125.833     8060.000    10000.000     6814.376        0.000        0.000     1012.489
  566  MAT1L25V                22125.833     8060.000    10000.000     6814.376        0.000        0.000     1012.489
  567  D100A18                 22143.809     8060.000    10000.000     6832.352        0.000        0.000     1012.489
  568  IPM1L25                 22143.809     8060.000    10000.000     6832.352        0.000        0.000     1012.489
  569  D100A22                 22162.504     8060.000    10000.000     6851.047        0.000        0.000     1012.489
  570  MQB1L25                 22177.504     8060.000    10000.000     6866.047        0.000        0.000     1012.489
  571  D100A05                 22278.414     8060.000    10000.000     6966.957        0.000        0.000     1012.489
  572  R1P1                    22348.414     8060.000    10000.000     7036.957        0.000        0.000     1024.989
  573  D100A06                 22353.414     8060.000    10000.000     7041.957        0.000        0.000     1024.989
  574  R1P2                    22423.414     8060.000    10000.000     7111.957        0.000        0.000     1037.489
  575  D100A07                 22469.474     8060.000    10000.000     7158.017        0.000        0.000     1037.489
  576  R1P3                    22539.474     8060.000    10000.000     7228.017        0.000        0.000     1049.989
  577  D100A06                 22544.474     8060.000    10000.000     7233.017        0.000        0.000     1049.989
  578  R1P4                    22614.474     8060.000    10000.000     7303.017        0.000        0.000     1062.489
  579  D100A07                 22660.534     8060.000    10000.000     7349.077        0.000        0.000     1062.489
  580  R1P5                    22730.534     8060.000    10000.000     7419.077        0.000        0.000     1074.989
  581  D100A06                 22735.534     8060.000    10000.000     7424.077        0.000        0.000     1074.989
  582  R1P6                    22805.534     8060.000    10000.000     7494.077        0.000        0.000     1087.489
  583  D100A07                 22851.594     8060.000    10000.000     7540.137        0.000        0.000     1087.489
  584  R1P7                    22921.594     8060.000    10000.000     7610.137        0.000        0.000     1099.989
  585  D100A06                 22926.594     8060.000    10000.000     7615.137        0.000        0.000     1099.989
  586  R1P8                    22996.594     8060.000    10000.000     7685.137        0.000        0.000     1112.489
  587  D100A19                 23052.102     8060.000    10000.000     7740.645        0.000        0.000     1112.489
  588  ITV1L26                 23052.102     8060.000    10000.000     7740.645        0.000        0.000     1112.489
  589  D100A20                 23063.862     8060.000    10000.000     7752.405        0.000        0.000     1112.489
  590  MAT1L26H                23063.862     8060.000    10000.000     7752.405        0.000        0.000     1112.489
  591  D100A15                 23103.809     8060.000    10000.000     7792.352        0.000        0.000     1112.489
  592  IPM1L26                 23103.809     8060.000    10000.000     7792.352        0.000        0.000     1112.489
  593  D100A22                 23122.504     8060.000    10000.000     7811.047        0.000        0.000     1112.489
  594  MQB1L26                 23137.504     8060.000    10000.000     7826.047        0.000        0.000     1112.489
  595  D100A05                 23238.414     8060.000    10000.000     7926.957        0.000        0.000     1112.489
  596  R1Q1                    23308.414     8060.000    10000.000     7996.957        0.000        0.000     1124.989
  597  D100A06                 23313.414     8060.000    10000.000     8001.957        0.000        0.000     1124.989
  598  R1Q2                    23383.414     8060.000    10000.000     8071.957        0.000        0.000     1137.489
  599  D100A07                 23429.474     8060.000    10000.000     8118.017        0.000        0.000     1137.489
  600  R1Q3                    23499.474     8060.000    10000.000     8188.017        0.000        0.000     1149.989
  601  D100A06                 23504.474     8060.000    10000.000     8193.017        0.000        0.000     1149.989
  602  R1Q4                    23574.474     8060.000    10000.000     8263.017        0.000        0.000     1162.489
  603  D100A07                 23620.534     8060.000    10000.000     8309.077        0.000        0.000     1162.489
  604  R1Q5                    23690.534     8060.000    10000.000     8379.077        0.000        0.000     1174.989
  605  D100A06                 23695.534     8060.000    10000.000     8384.077        0.000        0.000     1174.989
  606  R1Q6                    23765.534     8060.000    10000.000     8454.077        0.000        0.000     1187.489
  607  D100A07                 23811.594     8060.000    10000.000     8500.137        0.000        0.000     1187.489
  608  R1Q7                    23881.594     8060.000    10000.000     8570.137        0.000        0.000     1199.989
  609  D100A06                 23886.594     8060.000    10000.000     8575.137        0.000        0.000     1199.989
  610  R1Q8                    23956.594     8060.000    10000.000     8645.137        0.000        0.000     1212.489
  611  D100A14                 24023.862     8060.000    10000.000     8712.405        0.000        0.000     1212.489
  612  MAT1L27H                24023.862     8060.000    10000.000     8712.405        0.000        0.000     1212.489
  613  D100A17                 24045.833     8060.000    10000.000     8734.376        0.000        0.000     1212.489
  614  MAT1L27V                24045.833     8060.000    10000.000     8734.376        0.000        0.000     1212.489
  615  D100A18                 24063.809     8060.000    10000.000     8752.352        0.000        0.000     1212.489
  616  IPM1L27                 24063.809     8060.000    10000.000     8752.352        0.000        0.000     1212.489
  617  D100A22                 24082.504     8060.000    10000.000     8771.047        0.000        0.000     1212.489
  618  MQB1L27                 24097.504     8060.000    10000.000     8786.047        0.000        0.000     1212.489
  619  D100A23                 24304.563     8060.000    10000.000     8993.106        0.000        0.000     1212.489
  620  IPM1L28                 24304.563     8060.000    10000.000     8993.106        0.000        0.000     1212.489
  621  D100A24                 24321.829     8060.000    10000.000     9010.372        0.000        0.000     1212.489
  622  MQB1L28                 24336.829     8060.000    10000.000     9025.372        0.000        0.000     1212.489
  623  D100A25                 24366.829     8060.000    10000.000     9055.372        0.000        0.000     1212.489
  624  END                     24366.829     8060.000    10000.000     9055.372        0.000        0.000     1212.489