# Universe 6. Values shown are for the Exit End of each Element:
# Index  name             key                         s         l           X           Y           Z       Theta         Phi         Psi
#                                                                                                           [rad]       [rad]       [rad]
      0  BEGINNING        Beginning_Ele         0.00000       ---     0.00000   100.00000     0.00000     0.00000     0.00000     0.00000
      1  PI_19CB1_XPITCH  Patch                 0.00000   0.00000     0.00000   100.00000     0.00000     0.00000     0.00000     0.00000
      2  PI_19CB1_XOFF    Patch                 0.00000   0.00000     0.00000   100.00000     0.00000     0.00000     0.00000     0.00000
      3  MCB1             Sbend                 3.00000   3.00000     0.00000   100.00000     3.00000     0.00000     0.00000     0.00000
      4  PO_19CB1_XOFF    Patch                 3.00000   0.00000    -0.09399   100.00000     3.00000     0.00000     0.00000     0.00000
      5  PO_19CB1_XPITCH  Patch                 3.00000   0.00000    -0.09399   100.00000     3.00000    -0.06264     0.00000     0.00000
      6  D1900            Drift                 4.50000   1.50000    -0.18790   100.00000     4.49706    -0.06264     0.00000     0.00000
      7  PI_19CB2_XPITCH  Patch                 4.50000   0.00000    -0.18790   100.00000     4.49706    -0.09754     0.00000     0.00000
      8  PI_19CB2_XOFF    Patch                 4.50000   0.00000    -0.04070   100.00000     4.51146    -0.09754     0.00000     0.00000
      9  MCB2             Sbend                 7.50000   3.00000    -0.33286   100.00000     7.49720    -0.09754     0.00000     0.00000
     10  PO_19CB2_XOFF    Patch                 7.50000   0.00000    -0.28189   100.00000     7.50219    -0.09754     0.00000     0.00000
     11  PO_19CB2_XPITCH  Patch                 7.50000   0.00000    -0.28189   100.00000     7.50219     0.00011     0.00000     0.00000
     12  D1901            Drift                 8.00000   0.50000    -0.28184   100.00000     8.00219     0.00011     0.00000     0.00000
     13  PI_19CB3B_XPITCH Patch                 8.00000   0.00000    -0.28184   100.00000     8.00219     0.00011     0.00000     0.00000
     14  PI_19CB3B_XOFF   Patch                 8.00000   0.00000    -0.08180   100.00000     8.00217     0.00011     0.00000     0.00000
     15  MCB3B            Sbend                11.00000   3.00000    -0.08148   100.00000    11.00217     0.00011     0.00000     0.00000
     16  PO_19CB3B_XOFF   Patch                11.00000   0.00000    -0.18752   100.00000    11.00218     0.00011     0.00000     0.00000
     17  PO_19CB3B_XPITCH Patch                11.00000   0.00000    -0.18752   100.00000    11.00218     0.06275     0.00000     0.00000
     18  D1902            Drift                12.00000   1.00000    -0.12481   100.00000    12.00021     0.06275     0.00000     0.00000
     19  PI_19CB4B_XPITCH Patch                12.00000   0.00000    -0.12481   100.00000    12.00021     0.04372     0.00000     0.00000
     20  PI_19CB4B_XOFF   Patch                12.00000   0.00000     0.01849   100.00000    11.99394     0.04372     0.00000     0.00000
     21  MCB4B            Sbend                15.00000   3.00000     0.14962   100.00000    14.99107     0.04372     0.00000     0.00000
     22  PO_19CB4B_XOFF   Patch                15.00000   0.00000     0.15741   100.00000    14.99073     0.04372     0.00000     0.00000
     23  PO_19CB4B_XPITCH Patch                15.00000   0.00000     0.15741   100.00000    14.99073     0.12544     0.00000     0.00000
     24  D1903            Drift                16.50000   1.50000     0.34508   100.00000    16.47895     0.12544     0.00000     0.00000
     25  PI_19CB5B_XPITCH Patch                16.50000   0.00000     0.34508   100.00000    16.47895     0.11791     0.00000     0.00000
     26  PI_19CB5B_XOFF   Patch                16.50000   0.00000     0.36470   100.00000    16.47662     0.11791     0.00000     0.00000
     27  MCB5B            Sbend                19.50000   3.00000     0.71762   100.00000    19.45579     0.11791     0.00000     0.00000
     28  PO_19CB5B_XOFF   Patch                19.50000   0.00000     0.62712   100.00000    19.46651     0.11791     0.00000     0.00000
     29  PO_19CB5B_XPITCH Patch                19.50000   0.00000     0.62712   100.00000    19.46651     0.06281     0.00000     0.00000
     30  D1904            Drift                22.50000   3.00000     0.81544   100.00000    22.46060     0.06281     0.00000     0.00000
     31  PI_19CB6B_XPITCH Patch                22.50000   0.00000     0.81544   100.00000    22.46060     0.05033     0.00000     0.00000
     32  PI_19CB6B_XOFF   Patch                22.50000   0.00000     0.87172   100.00000    22.45776     0.05033     0.00000     0.00000
     33  MCB6B            Sbend                25.50000   3.00000     1.02264   100.00000    25.45396     0.05033     0.00000     0.00000
     34  PO_19CB6B_XOFF   Patch                25.50000   0.00000     0.90994   100.00000    25.45964     0.05033     0.00000     0.00000
     35  PO_19CB6B_XPITCH Patch                25.50000   0.00000     0.90994   100.00000    25.45964     0.00019     0.00000     0.00000
     36  D1905            Drift                26.00000   0.50000     0.91003   100.00000    25.95964     0.00019     0.00000     0.00000
     37  PI_19B7_XPITCH   Patch                26.00000   0.00000     0.91003   100.00000    25.95964     0.00019     0.00000     0.00000
     38  PI_19B7_XOFF     Patch                26.00000   0.00000     0.72793   100.00000    25.95967     0.00019     0.00000     0.00000
     39  M19B7            Sbend                29.00000   3.00000     0.72850   100.00000    28.95967     0.00019     0.00000     0.00000
     40  PO_19B7_XOFF     Patch                29.00000   0.00000     0.97323   100.00000    28.95963     0.00019     0.00000     0.00000
     41  PO_19B7_XPITCH   Patch                29.00000   0.00000     0.97323   100.00000    28.95963     0.04194     0.00000     0.00000
     42  D1906            Drift                35.40000   6.40000     1.24153   100.00000    35.35400     0.04194     0.00000     0.00000
     43  PI_19B8_XPITCH   Patch                35.40000   0.00000     1.24153   100.00000    35.35400     0.00019     0.00000     0.00000
     44  PI_19B8_XOFF     Patch                35.40000   0.00000     1.10970   100.00000    35.35403     0.00019     0.00000     0.00000
     45  M19B8            Sbend                38.40000   3.00000     1.11027   100.00000    38.35403     0.00019     0.00000     0.00000
     46  PO_19B8_XOFF     Patch                38.40000   0.00000     1.30473   100.00000    38.35399     0.00019     0.00000     0.00000
     47  PO_19B8_XPITCH   Patch                38.40000   0.00000     1.30473   100.00000    38.35399     0.00019     0.00000     0.00000
     48  D1907            Drift                40.40000   2.00000     1.30510   100.00000    40.35399     0.00019     0.00000     0.00000
     49  PI_19B9_XPITCH   Patch                40.40000   0.00000     1.30510   100.00000    40.35399     0.00019     0.00000     0.00000
     50  PI_19B9_XOFF     Patch                40.40000   0.00000     1.10064   100.00000    40.35403     0.00019     0.00000     0.00000
     51  M19B9            Sbend                43.40000   3.00000     1.10121   100.00000    43.35403     0.00019     0.00000     0.00000
     52  PO_19B9_XOFF     Patch                43.40000   0.00000     1.24304   100.00000    43.35400     0.00019     0.00000     0.00000
     53  PO_19B9_XPITCH   Patch                43.40000   0.00000     1.24304   100.00000    43.35400    -0.04156     0.00000     0.00000
     54  D1908            Drift                47.40000   4.00000     1.07686   100.00000    47.35055    -0.04156     0.00000     0.00000
     55  PI_19B10_XPITCH  Patch                47.40000   0.00000     1.07686   100.00000    47.35055     0.00019     0.00000     0.00000
     56  PI_19B10_XOFF    Patch                47.40000   0.00000     1.10175   100.00000    47.35054     0.00019     0.00000     0.00000
     57  M19B10           Sbend                50.40000   3.00000     1.10231   100.00000    50.35054     0.00019     0.00000     0.00000
     58  PO_19B10_XOFF    Patch                50.40000   0.00000     1.01479   100.00000    50.35056     0.00019     0.00000     0.00000
     59  PO_19B10_XPITCH  Patch                50.40000   0.00000     1.01479   100.00000    50.35056     0.00019     0.00000     0.00000
     60  D1909#1          Drift                51.40000   1.00000     1.01498   100.00000    51.35056     0.00019     0.00000     0.00000
     61  M19E             Sbend                54.40000   3.00000     1.01555   100.00000    54.35056     0.00019     0.00000     0.00000
     62  D1909#2          Drift                58.40000   4.00000     1.01630   100.00000    58.35056     0.00019     0.00000     0.00000
     63  PI_19B11_XPITCH  Patch                58.40000   0.00000     1.01630   100.00000    58.35056     0.00019     0.00000     0.00000
     64  PI_19B11_XOFF    Patch                58.40000   0.00000     1.09878   100.00000    58.35054     0.00019     0.00000     0.00000
     65  M19B11           Sbend                61.40000   3.00000     1.09935   100.00000    61.35054     0.00019     0.00000     0.00000
     66  PO_19B11_XOFF    Patch                61.40000   0.00000     1.07949   100.00000    61.35055     0.00019     0.00000     0.00000
     67  PO_19B11_XPITCH  Patch                61.40000   0.00000     1.07949   100.00000    61.35055     0.04194     0.00000     0.00000
     68  D1910            Drift                65.40000   4.00000     1.24719   100.00000    65.34703     0.04194     0.00000     0.00000
     69  PI_19B12_XPITCH  Patch                65.40000   0.00000     1.24719   100.00000    65.34703     0.00019     0.00000     0.00000
     70  PI_19B12_XOFF    Patch                65.40000   0.00000     1.10010   100.00000    65.34706     0.00019     0.00000     0.00000
     71  M19B12           Sbend                68.40000   3.00000     1.10066   100.00000    68.34706     0.00019     0.00000     0.00000
     72  PO_19B12_XOFF    Patch                68.40000   0.00000     1.31038   100.00000    68.34702     0.00019     0.00000     0.00000
     73  PO_19B12_XPITCH  Patch                68.40000   0.00000     1.31038   100.00000    68.34702     0.00019     0.00000     0.00000
     74  D1911            Drift                70.40000   2.00000     1.31076   100.00000    70.34702     0.00019     0.00000     0.00000
     75  PI_19B13_XPITCH  Patch                70.40000   0.00000     1.31076   100.00000    70.34702     0.00019     0.00000     0.00000
     76  PI_19B13_XOFF    Patch                70.40000   0.00000     1.10104   100.00000    70.34706     0.00019     0.00000     0.00000
     77  M19B13           Sbend                73.40000   3.00000     1.10161   100.00000    73.34706     0.00019     0.00000     0.00000
     78  PO_19B13_XOFF    Patch                73.40000   0.00000     1.20791   100.00000    73.34704     0.00019     0.00000     0.00000
     79  PO_19B13_XPITCH  Patch                73.40000   0.00000     1.20791   100.00000    73.34704    -0.06873     0.00000     0.00000
     80  D1912            Drift                89.40200  16.00200     0.10899   100.00000    89.31126    -0.06873     0.00000     0.00000
     81  PI_19B14_XPITCH  Patch                89.40200   0.00000     0.10899   100.00000    89.31126    -0.03427     0.00000     0.00000
     82  PI_19B14_XOFF    Patch                89.40200   0.00000     0.30887   100.00000    89.31811    -0.03427     0.00000     0.00000
     83  M19B14           Sbend                92.40200   3.00000     0.20608   100.00000    92.31635    -0.03427     0.00000     0.00000
     84  PO_19B14_XOFF    Patch                92.40200   0.00000     0.00614   100.00000    92.30950    -0.03427     0.00000     0.00000
     85  PO_19B14_XPITCH  Patch                92.40200   0.00000     0.00614   100.00000    92.30950     0.00015     0.00000     0.00000
     86  D1913            Drift                95.00000   2.59800     0.00652   100.00000    94.90750     0.00015     0.00000     0.00000
     87  END              Marker               95.00000   0.00000     0.00652   100.00000    94.90750     0.00015     0.00000     0.00000
# Index  name             key                         s         l           X           Y           Z       Theta         Phi         Psi
#                                                                                                           [rad]       [rad]       [rad]
# Universe 6. Values shown are for the Exit End of each Element:
