# Universe 1. Values shown are for the Exit End of each Element:
# Index  name           key                         s         l           X           Y           Z       Theta         Phi         Psi
#                                                                                                         [rad]       [rad]       [rad]
      0  BEGINNING      Beginning_Ele         0.00000       ---     0.00000   100.00000     0.00000     0.00000     0.00000     0.00000
      1  PI_9CB1_XPITCH Patch                 0.00000   0.00000     0.00000   100.00000     0.00000     0.00000     0.00000     0.00000
      2  PI_9CB1_XOFF   Patch                 0.00000   0.00000     0.00000   100.00000     0.00000     0.00000     0.00000     0.00000
      3  MCB1           Sbend                 3.00000   3.00000     0.00000   100.00000     3.00000     0.00000     0.00000     0.00000
      4  PO_9CB1_XOFF   Patch                 3.00000   0.00000    -0.19260   100.00000     3.00000     0.00000     0.00000     0.00000
      5  PO_9CB1_XPITCH Patch                 3.00000   0.00000    -0.19260   100.00000     3.00000    -0.12822     0.00000     0.00000
      6  D900           Drift                10.30000   7.30000    -1.12608   100.00000    10.24007    -0.12822     0.00000     0.00000
      7  PI_9B2_XPITCH  Patch                10.30000   0.00000    -1.12608   100.00000    10.24007     0.00000     0.00000     0.00000
      8  PI_9B2_XOFF    Patch                10.30000   0.00000    -1.31868   100.00000    10.24007     0.00000     0.00000     0.00000
      9  M9B2           Sbend                13.30000   3.00000    -1.31868   100.00000    13.24007     0.00000     0.00000     0.00000
     10  PO_9B2_XOFF    Patch                13.30000   0.00000    -1.31868   100.00000    13.24007     0.00000     0.00000     0.00000
     11  PO_9B2_XPITCH  Patch                13.30000   0.00000    -1.31868   100.00000    13.24007     0.00000     0.00000     0.00000
     12  D901#1         Drift                14.30000   1.00000    -1.31868   100.00000    14.24007     0.00000     0.00000     0.00000
     13  M9E            Sbend                17.30000   3.00000    -1.31868   100.00000    17.24007     0.00000     0.00000     0.00000
     14  D901#2         Drift                18.30000   1.00000    -1.31868   100.00000    18.24007     0.00000     0.00000     0.00000
     15  PI_9B3_XPITCH  Patch                18.30000   0.00000    -1.31868   100.00000    18.24007     0.00000     0.00000     0.00000
     16  PI_9B3_XOFF    Patch                18.30000   0.00000    -1.31868   100.00000    18.24007     0.00000     0.00000     0.00000
     17  M9B3           Sbend                19.80000   1.50000    -1.31868   100.00000    19.74007     0.00000     0.00000     0.00000
     18  PO_9B3_XOFF    Patch                19.80000   0.00000    -1.28670   100.00000    19.74007     0.00000     0.00000     0.00000
     19  PO_9B3_XPITCH  Patch                19.80000   0.00000    -1.28670   100.00000    19.74007     0.04264     0.00000     0.00000
     20  D902           Drift                21.80000   2.00000    -1.20145   100.00000    21.73825     0.04264     0.00000     0.00000
     21  PI_9B4_XPITCH  Patch                21.80000   0.00000    -1.20145   100.00000    21.73825     0.00000     0.00000     0.00000
     22  PI_9B4_XOFF    Patch                21.80000   0.00000    -1.31868   100.00000    21.73825     0.00000     0.00000     0.00000
     23  M9B4           Sbend                23.30000   1.50000    -1.31868   100.00000    23.23825     0.00000     0.00000     0.00000
     24  PO_9B4_XOFF    Patch                23.30000   0.00000    -1.16946   100.00000    23.23825     0.00000     0.00000     0.00000
     25  PO_9B4_XPITCH  Patch                23.30000   0.00000    -1.16946   100.00000    23.23825     0.00000     0.00000     0.00000
     26  D903           Drift                25.30000   2.00000    -1.16946   100.00000    25.23825     0.00000     0.00000     0.00000
     27  PI_9B5_XPITCH  Patch                25.30000   0.00000    -1.16946   100.00000    25.23825     0.00000     0.00000     0.00000
     28  PI_9B5_XOFF    Patch                25.30000   0.00000    -1.31868   100.00000    25.23825     0.00000     0.00000     0.00000
     29  M9B5           Sbend                26.80000   1.50000    -1.31868   100.00000    26.73825     0.00000     0.00000     0.00000
     30  PO_9B5_XOFF    Patch                26.80000   0.00000    -1.20145   100.00000    26.73825     0.00000     0.00000     0.00000
     31  PO_9B5_XPITCH  Patch                26.80000   0.00000    -1.20145   100.00000    26.73825    -0.04264     0.00000     0.00000
     32  D904           Drift                28.80000   2.00000    -1.28670   100.00000    28.73644    -0.04264     0.00000     0.00000
     33  PI_9B6_XPITCH  Patch                28.80000   0.00000    -1.28670   100.00000    28.73644     0.00000     0.00000     0.00000
     34  PI_9B6_XOFF    Patch                28.80000   0.00000    -1.31868   100.00000    28.73644     0.00000     0.00000     0.00000
     35  M9B6           Sbend                30.30000   1.50000    -1.31868   100.00000    30.23644     0.00000     0.00000     0.00000
     36  PO_9B6_XOFF    Patch                30.30000   0.00000    -1.31868   100.00000    30.23644     0.00000     0.00000     0.00000
     37  PO_9B6_XPITCH  Patch                30.30000   0.00000    -1.31868   100.00000    30.23644     0.00000     0.00000     0.00000
     38  D905           Drift                36.30000   6.00000    -1.31868   100.00000    36.23644     0.00000     0.00000     0.00000
     39  PI_9B7_XPITCH  Patch                36.30000   0.00000    -1.31868   100.00000    36.23644     0.00000     0.00000     0.00000
     40  PI_9B7_XOFF    Patch                36.30000   0.00000    -1.31868   100.00000    36.23644     0.00000     0.00000     0.00000
     41  M9B7           Sbend                39.30000   3.00000    -1.31868   100.00000    39.23644     0.00000     0.00000     0.00000
     42  PO_9B7_XOFF    Patch                39.30000   0.00000    -1.19057   100.00000    39.23644     0.00000     0.00000     0.00000
     43  PO_9B7_XPITCH  Patch                39.30000   0.00000    -1.19057   100.00000    39.23644     0.08535     0.00000     0.00000
     44  D906           Drift                42.30000   3.00000    -0.93482   100.00000    42.22551     0.08535     0.00000     0.00000
     45  PI_9B8_XPITCH  Patch                42.30000   0.00000    -0.93482   100.00000    42.22551     0.00000     0.00000     0.00000
     46  PI_9B8_XOFF    Patch                42.30000   0.00000    -0.96868   100.00000    42.22551     0.00000     0.00000     0.00000
     47  M9B8           Sbend                45.30000   3.00000    -0.96868   100.00000    45.22551     0.00000     0.00000     0.00000
     48  PO_9B8_XOFF    Patch                45.30000   0.00000    -0.80672   100.00000    45.22551     0.00000     0.00000     0.00000
     49  PO_9B8_XPITCH  Patch                45.30000   0.00000    -0.80672   100.00000    45.22551     0.00000     0.00000     0.00000
     50  D907           Drift                49.30000   4.00000    -0.80672   100.00000    49.22551     0.00000     0.00000     0.00000
     51  PI_9B9_XPITCH  Patch                49.30000   0.00000    -0.80672   100.00000    49.22551     0.00000     0.00000     0.00000
     52  PI_9B9_XOFF    Patch                49.30000   0.00000    -0.96868   100.00000    49.22551     0.00000     0.00000     0.00000
     53  M9B9           Sbend                52.30000   3.00000    -0.96868   100.00000    52.22551     0.00000     0.00000     0.00000
     54  PO_9B9_XOFF    Patch                52.30000   0.00000    -0.93482   100.00000    52.22551     0.00000     0.00000     0.00000
     55  PO_9B9_XPITCH  Patch                52.30000   0.00000    -0.93482   100.00000    52.22551    -0.08535     0.00000     0.00000
     56  D908           Drift                55.30000   3.00000    -1.19057   100.00000    55.21459    -0.08535     0.00000     0.00000
     57  PI_9B10_XPITCH Patch                55.30000   0.00000    -1.19057   100.00000    55.21459     0.00000     0.00000     0.00000
     58  PI_9B10_XOFF   Patch                55.30000   0.00000    -1.31868   100.00000    55.21459     0.00000     0.00000     0.00000
     59  M9B10          Sbend                58.30000   3.00000    -1.31868   100.00000    58.21459     0.00000     0.00000     0.00000
     60  PO_9B10_XOFF   Patch                58.30000   0.00000    -1.31868   100.00000    58.21459     0.00000     0.00000     0.00000
     61  PO_9B10_XPITCH Patch                58.30000   0.00000    -1.31868   100.00000    58.21459     0.00000     0.00000     0.00000
     62  D909           Drift                76.80000  18.50000    -1.31868   100.00000    76.71459     0.00000     0.00000     0.00000
     63  PI_9B15_XPITCH Patch                76.80000   0.00000    -1.31868   100.00000    76.71459     0.00000     0.00000     0.00000
     64  PI_9B15_XOFF   Patch                76.80000   0.00000    -1.31868   100.00000    76.71459     0.00000     0.00000     0.00000
     65  M9B15          Sbend                79.80000   3.00000    -1.31868   100.00000    79.71459     0.00000     0.00000     0.00000
     66  PO_9B15_XOFF   Patch                79.80000   0.00000    -1.12608   100.00000    79.71459     0.00000     0.00000     0.00000
     67  PO_9B15_XPITCH Patch                79.80000   0.00000    -1.12608   100.00000    79.71459     0.12822     0.00000     0.00000
     68  D914           Drift                86.86350   7.06350    -0.22284   100.00000    86.72011     0.12822     0.00000     0.00000
     69  PI_9B16_XPITCH Patch                86.86350   0.00000    -0.22284   100.00000    86.72011     0.04666     0.00000     0.00000
     70  PI_9B16_XOFF   Patch                86.86350   0.00000    -0.37268   100.00000    86.72710     0.04666     0.00000     0.00000
     71  M9B16          Sbend                89.86350   3.00000    -0.23275   100.00000    89.72384     0.04666     0.00000     0.00000
     72  PO_9B16_XOFF   Patch                89.86350   0.00000    -0.03024   100.00000    89.71438     0.04666     0.00000     0.00000
     73  PO_9B16_XPITCH Patch                89.86350   0.00000    -0.03024   100.00000    89.71438     0.00024     0.00000     0.00000
     74  D915           Drift                94.99950   5.13600    -0.02899   100.00000    94.85038     0.00024     0.00000     0.00000
     75  END            Marker               94.99950   0.00000    -0.02899   100.00000    94.85038     0.00024     0.00000     0.00000
# Index  name           key                         s         l           X           Y           Z       Theta         Phi         Psi
#                                                                                                         [rad]       [rad]       [rad]
# Universe 1. Values shown are for the Exit End of each Element:
