#  N                 name        S[cm]        X[cm]        Y[cm]        Z[cm]   TetaX[deg]   TetaY[deg]  Energy[Mev]
    0  START                       0.000     8060.000    10000.000   -15311.457        0.000        0.000      122.489
   12  R121                      258.414     8060.000    10000.000   -15053.043        0.000        0.000      126.177
   14  R122                      333.414     8060.000    10000.000   -14978.043        0.000        0.000      129.864
   16  R123                      449.474     8060.000    10000.000   -14861.983        0.000        0.000      133.552
   18  R124                      524.474     8060.000    10000.000   -14786.983        0.000        0.000      137.239
   20  R125                      640.534     8060.000    10000.000   -14670.923        0.000        0.000      140.927
   22  R126                      715.534     8060.000    10000.000   -14595.923        0.000        0.000      144.614
   24  R127                      831.594     8060.000    10000.000   -14479.863        0.000        0.000      148.302
   26  R128                      906.594     8060.000    10000.000   -14404.863        0.000        0.000      151.989
   36  R131                     1218.414     8060.000    10000.000   -14093.043        0.000        0.000      155.677
   38  R132                     1293.414     8060.000    10000.000   -14018.043        0.000        0.000      159.364
   40  R133                     1409.474     8060.000    10000.000   -13901.983        0.000        0.000      163.052
   42  R134                     1484.474     8060.000    10000.000   -13826.983        0.000        0.000      166.739
   44  R135                     1600.534     8060.000    10000.000   -13710.923        0.000        0.000      170.427
   46  R136                     1675.534     8060.000    10000.000   -13635.923        0.000        0.000      174.114
   48  R137                     1791.594     8060.000    10000.000   -13519.863        0.000        0.000      177.802
   50  R138                     1866.594     8060.000    10000.000   -13444.863        0.000        0.000      181.489
   60  R141                     2178.414     8060.000    10000.000   -13133.043        0.000        0.000      185.177
   62  R142                     2253.414     8060.000    10000.000   -13058.043        0.000        0.000      188.864
   64  R143                     2369.474     8060.000    10000.000   -12941.983        0.000        0.000      192.552
   66  R144                     2444.474     8060.000    10000.000   -12866.983        0.000        0.000      196.239
   68  R145                     2560.534     8060.000    10000.000   -12750.923        0.000        0.000      199.927
   70  R146                     2635.534     8060.000    10000.000   -12675.923        0.000        0.000      203.614
   72  R147                     2751.594     8060.000    10000.000   -12559.863        0.000        0.000      207.302
   74  R148                     2826.594     8060.000    10000.000   -12484.863        0.000        0.000      210.989
   84  R151                     3138.414     8060.000    10000.000   -12173.043        0.000        0.000      214.677
   86  R152                     3213.414     8060.000    10000.000   -12098.043        0.000        0.000      218.364
   88  R153                     3329.474     8060.000    10000.000   -11981.983        0.000        0.000      222.052
   90  R154                     3404.474     8060.000    10000.000   -11906.983        0.000        0.000      225.739
   92  R155                     3520.534     8060.000    10000.000   -11790.923        0.000        0.000      229.427
   94  R156                     3595.534     8060.000    10000.000   -11715.923        0.000        0.000      233.114
   96  R157                     3711.594     8060.000    10000.000   -11599.863        0.000        0.000      236.802
   98  R158                     3786.594     8060.000    10000.000   -11524.863        0.000        0.000      240.489
  110  R161                     4098.414     8060.000    10000.000   -11213.043        0.000        0.000      244.177
  112  R162                     4173.414     8060.000    10000.000   -11138.043        0.000        0.000      247.864
  114  R163                     4289.474     8060.000    10000.000   -11021.983        0.000        0.000      251.552
  116  R164                     4364.474     8060.000    10000.000   -10946.983        0.000        0.000      255.239
  118  R165                     4480.534     8060.000    10000.000   -10830.923        0.000        0.000      258.927
  120  R166                     4555.534     8060.000    10000.000   -10755.923        0.000        0.000      262.614
  122  R167                     4671.594     8060.000    10000.000   -10639.863        0.000        0.000      266.302
  124  R168                     4746.594     8060.000    10000.000   -10564.863        0.000        0.000      269.989
  134  R171                     5058.414     8060.000    10000.000   -10253.043        0.000        0.000      273.677
  136  R172                     5133.414     8060.000    10000.000   -10178.043        0.000        0.000      277.364
  138  R173                     5249.474     8060.000    10000.000   -10061.983        0.000        0.000      281.052
  140  R174                     5324.474     8060.000    10000.000    -9986.983        0.000        0.000      284.739
  142  R175                     5440.534     8060.000    10000.000    -9870.923        0.000        0.000      288.427
  144  R176                     5515.534     8060.000    10000.000    -9795.923        0.000        0.000      292.114
  146  R177                     5631.594     8060.000    10000.000    -9679.863        0.000        0.000      295.802
  148  R178                     5706.594     8060.000    10000.000    -9604.863        0.000        0.000      299.489
  158  R181                     6018.414     8060.000    10000.000    -9293.043        0.000        0.000      303.177
  160  R182                     6093.414     8060.000    10000.000    -9218.043        0.000        0.000      306.864
  162  R183                     6209.474     8060.000    10000.000    -9101.983        0.000        0.000      310.552
  164  R184                     6284.474     8060.000    10000.000    -9026.983        0.000        0.000      314.239
  166  R185                     6400.534     8060.000    10000.000    -8910.923        0.000        0.000      317.927
  168  R186                     6475.534     8060.000    10000.000    -8835.923        0.000        0.000      321.614
  170  R187                     6591.594     8060.000    10000.000    -8719.863        0.000        0.000      325.302
  172  R188                     6666.594     8060.000    10000.000    -8644.863        0.000        0.000      328.989
  184  R191                     6978.414     8060.000    10000.000    -8333.043        0.000        0.000      332.677
  186  R192                     7053.414     8060.000    10000.000    -8258.043        0.000        0.000      336.364
  188  R193                     7169.474     8060.000    10000.000    -8141.983        0.000        0.000      340.052
  190  R194                     7244.474     8060.000    10000.000    -8066.983        0.000        0.000      343.739
  192  R195                     7360.534     8060.000    10000.000    -7950.923        0.000        0.000      347.427
  194  R196                     7435.534     8060.000    10000.000    -7875.923        0.000        0.000      351.114
  196  R197                     7551.594     8060.000    10000.000    -7759.863        0.000        0.000      354.802
  198  R198                     7626.594     8060.000    10000.000    -7684.863        0.000        0.000      358.489
  210  R1A1                     7938.414     8060.000    10000.000    -7373.043        0.000        0.000      362.177
  212  R1A2                     8013.414     8060.000    10000.000    -7298.043        0.000        0.000      365.864
  214  R1A3                     8129.474     8060.000    10000.000    -7181.983        0.000        0.000      369.552
  216  R1A4                     8204.474     8060.000    10000.000    -7106.983        0.000        0.000      373.239
  218  R1A5                     8320.534     8060.000    10000.000    -6990.923        0.000        0.000      376.927
  220  R1A6                     8395.534     8060.000    10000.000    -6915.923        0.000        0.000      380.614
  222  R1A7                     8511.594     8060.000    10000.000    -6799.863        0.000        0.000      384.302
  224  R1A8                     8586.594     8060.000    10000.000    -6724.863        0.000        0.000      387.989
  236  R1B1                     8898.414     8060.000    10000.000    -6413.043        0.000        0.000      391.677
  238  R1B2                     8973.414     8060.000    10000.000    -6338.043        0.000        0.000      395.364
  240  R1B3                     9089.474     8060.000    10000.000    -6221.983        0.000        0.000      399.052
  242  R1B4                     9164.474     8060.000    10000.000    -6146.983        0.000        0.000      402.739
  244  R1B5                     9280.534     8060.000    10000.000    -6030.923        0.000        0.000      406.427
  246  R1B6                     9355.534     8060.000    10000.000    -5955.923        0.000        0.000      410.114
  248  R1B7                     9471.594     8060.000    10000.000    -5839.863        0.000        0.000      413.802
  250  R1B8                     9546.594     8060.000    10000.000    -5764.863        0.000        0.000      417.489
  260  R1C1                     9858.414     8060.000    10000.000    -5453.043        0.000        0.000      421.177
  262  R1C2                     9933.414     8060.000    10000.000    -5378.043        0.000        0.000      424.864
  264  R1C3                    10049.474     8060.000    10000.000    -5261.983        0.000        0.000      428.552
  266  R1C4                    10124.474     8060.000    10000.000    -5186.983        0.000        0.000      432.239
  268  R1C5                    10240.534     8060.000    10000.000    -5070.923        0.000        0.000      435.927
  270  R1C6                    10315.534     8060.000    10000.000    -4995.923        0.000        0.000      439.614
  272  R1C7                    10431.594     8060.000    10000.000    -4879.863        0.000        0.000      443.302
  274  R1C8                    10506.594     8060.000    10000.000    -4804.863        0.000        0.000      446.989
  286  R1D1                    10818.414     8060.000    10000.000    -4493.043        0.000        0.000      450.677
  288  R1D2                    10893.414     8060.000    10000.000    -4418.043        0.000        0.000      454.364
  290  R1D3                    11009.474     8060.000    10000.000    -4301.983        0.000        0.000      458.052
  292  R1D4                    11084.474     8060.000    10000.000    -4226.983        0.000        0.000      461.739
  294  R1D5                    11200.534     8060.000    10000.000    -4110.923        0.000        0.000      465.427
  296  R1D6                    11275.534     8060.000    10000.000    -4035.923        0.000        0.000      469.114
  298  R1D7                    11391.594     8060.000    10000.000    -3919.863        0.000        0.000      472.802
  300  R1D8                    11466.594     8060.000    10000.000    -3844.863        0.000        0.000      476.489
  312  R1E1                    11778.414     8060.000    10000.000    -3533.043        0.000        0.000      480.177
  314  R1E2                    11853.414     8060.000    10000.000    -3458.043        0.000        0.000      483.864
  316  R1E3                    11969.474     8060.000    10000.000    -3341.983        0.000        0.000      487.552
  318  R1E4                    12044.474     8060.000    10000.000    -3266.983        0.000        0.000      491.239
  320  R1E5                    12160.534     8060.000    10000.000    -3150.923        0.000        0.000      494.927
  322  R1E6                    12235.534     8060.000    10000.000    -3075.923        0.000        0.000      498.614
  324  R1E7                    12351.594     8060.000    10000.000    -2959.863        0.000        0.000      502.302
  326  R1E8                    12426.594     8060.000    10000.000    -2884.863        0.000        0.000      505.989
  336  R1F1                    12738.414     8060.000    10000.000    -2573.043        0.000        0.000      509.677
  338  R1F2                    12813.414     8060.000    10000.000    -2498.043        0.000        0.000      513.364
  340  R1F3                    12929.474     8060.000    10000.000    -2381.983        0.000        0.000      517.052
  342  R1F4                    13004.474     8060.000    10000.000    -2306.983        0.000        0.000      520.739
  344  R1F5                    13120.534     8060.000    10000.000    -2190.923        0.000        0.000      524.427
  346  R1F6                    13195.534     8060.000    10000.000    -2115.923        0.000        0.000      528.114
  348  R1F7                    13311.594     8060.000    10000.000    -1999.863        0.000        0.000      531.802
  350  R1F8                    13386.594     8060.000    10000.000    -1924.863        0.000        0.000      535.489
  360  R1G1                    13698.414     8060.000    10000.000    -1613.043        0.000        0.000      539.177
  362  R1G2                    13773.414     8060.000    10000.000    -1538.043        0.000        0.000      542.864
  364  R1G3                    13889.474     8060.000    10000.000    -1421.983        0.000        0.000      546.552
  366  R1G4                    13964.474     8060.000    10000.000    -1346.983        0.000        0.000      550.239
  368  R1G5                    14080.534     8060.000    10000.000    -1230.923        0.000        0.000      553.927
  370  R1G6                    14155.534     8060.000    10000.000    -1155.923        0.000        0.000      557.614
  372  R1G7                    14271.594     8060.000    10000.000    -1039.863        0.000        0.000      561.302
  374  R1G8                    14346.594     8060.000    10000.000     -964.863        0.000        0.000      564.989
  384  R1H1                    14658.414     8060.000    10000.000     -653.043        0.000        0.000      568.677
  386  R1H2                    14733.414     8060.000    10000.000     -578.043        0.000        0.000      572.364
  388  R1H3                    14849.474     8060.000    10000.000     -461.983        0.000        0.000      576.052
  390  R1H4                    14924.474     8060.000    10000.000     -386.983        0.000        0.000      579.739
  392  R1H5                    15040.534     8060.000    10000.000     -270.923        0.000        0.000      583.427
  394  R1H6                    15115.534     8060.000    10000.000     -195.923        0.000        0.000      587.114
  396  R1H7                    15231.594     8060.000    10000.000      -79.863        0.000        0.000      590.802
  398  R1H8                    15306.594     8060.000    10000.000       -4.863        0.000        0.000      594.489
  410  R1I1                    15618.414     8060.000    10000.000      306.957        0.000        0.000      598.177
  412  R1I2                    15693.414     8060.000    10000.000      381.957        0.000        0.000      601.864
  414  R1I3                    15809.474     8060.000    10000.000      498.017        0.000        0.000      605.552
  416  R1I4                    15884.474     8060.000    10000.000      573.017        0.000        0.000      609.239
  418  R1I5                    16000.534     8060.000    10000.000      689.077        0.000        0.000      612.927
  420  R1I6                    16075.534     8060.000    10000.000      764.077        0.000        0.000      616.614
  422  R1I7                    16191.594     8060.000    10000.000      880.137        0.000        0.000      620.302
  424  R1I8                    16266.594     8060.000    10000.000      955.137        0.000        0.000      623.989
  434  R1J1                    16578.414     8060.000    10000.000     1266.957        0.000        0.000      627.677
  436  R1J2                    16653.414     8060.000    10000.000     1341.957        0.000        0.000      631.364
  438  R1J3                    16769.474     8060.000    10000.000     1458.017        0.000        0.000      635.052
  440  R1J4                    16844.474     8060.000    10000.000     1533.017        0.000        0.000      638.739
  442  R1J5                    16960.534     8060.000    10000.000     1649.077        0.000        0.000      642.427
  444  R1J6                    17035.534     8060.000    10000.000     1724.077        0.000        0.000      646.114
  446  R1J7                    17151.594     8060.000    10000.000     1840.137        0.000        0.000      649.802
  448  R1J8                    17226.594     8060.000    10000.000     1915.137        0.000        0.000      653.489
  458  R1K1                    17538.414     8060.000    10000.000     2226.957        0.000        0.000      657.177
  460  R1K2                    17613.414     8060.000    10000.000     2301.957        0.000        0.000      660.864
  462  R1K3                    17729.474     8060.000    10000.000     2418.017        0.000        0.000      664.552
  464  R1K4                    17804.474     8060.000    10000.000     2493.017        0.000        0.000      668.239
  466  R1K5                    17920.534     8060.000    10000.000     2609.077        0.000        0.000      671.927
  468  R1K6                    17995.534     8060.000    10000.000     2684.077        0.000        0.000      675.614
  470  R1K7                    18111.594     8060.000    10000.000     2800.137        0.000        0.000      679.302
  472  R1K8                    18186.594     8060.000    10000.000     2875.137        0.000        0.000      682.989
  482  R1L1                    18498.414     8060.000    10000.000     3186.957        0.000        0.000      686.677
  484  R1L2                    18573.414     8060.000    10000.000     3261.957        0.000        0.000      690.364
  486  R1L3                    18689.474     8060.000    10000.000     3378.017        0.000        0.000      694.052
  488  R1L4                    18764.474     8060.000    10000.000     3453.017        0.000        0.000      697.739
  490  R1L5                    18880.534     8060.000    10000.000     3569.077        0.000        0.000      701.427
  492  R1L6                    18955.534     8060.000    10000.000     3644.077        0.000        0.000      705.114
  494  R1L7                    19071.594     8060.000    10000.000     3760.137        0.000        0.000      708.802
  496  R1L8                    19146.594     8060.000    10000.000     3835.137        0.000        0.000      712.489
  506  R1M1                    19468.414     8060.000    10000.000     4156.957        0.000        0.000      724.989
  508  R1M2                    19543.414     8060.000    10000.000     4231.957        0.000        0.000      737.489
  510  R1M3                    19659.474     8060.000    10000.000     4348.017        0.000        0.000      749.989
  512  R1M4                    19734.474     8060.000    10000.000     4423.017        0.000        0.000      762.489
  514  R1M5                    19850.534     8060.000    10000.000     4539.077        0.000        0.000      774.989
  516  R1M6                    19925.534     8060.000    10000.000     4614.077        0.000        0.000      787.489
  518  R1M7                    20041.594     8060.000    10000.000     4730.137        0.000        0.000      799.989
  520  R1M8                    20116.594     8060.000    10000.000     4805.137        0.000        0.000      812.489
  528  R1N1                    20428.414     8060.000    10000.000     5116.957        0.000        0.000      824.989
  530  R1N2                    20503.414     8060.000    10000.000     5191.957        0.000        0.000      837.489
  532  R1N3                    20619.474     8060.000    10000.000     5308.017        0.000        0.000      849.989
  534  R1N4                    20694.474     8060.000    10000.000     5383.017        0.000        0.000      862.489
  536  R1N5                    20810.534     8060.000    10000.000     5499.077        0.000        0.000      874.989
  538  R1N6                    20885.534     8060.000    10000.000     5574.077        0.000        0.000      887.489
  540  R1N7                    21001.594     8060.000    10000.000     5690.137        0.000        0.000      899.989
  542  R1N8                    21076.594     8060.000    10000.000     5765.137        0.000        0.000      912.489
  550  R1O1                    21388.414     8060.000    10000.000     6076.957        0.000        0.000      924.989
  552  R1O2                    21463.414     8060.000    10000.000     6151.957        0.000        0.000      937.489
  554  R1O3                    21579.474     8060.000    10000.000     6268.017        0.000        0.000      949.989
  556  R1O4                    21654.474     8060.000    10000.000     6343.017        0.000        0.000      962.489
  558  R1O5                    21770.534     8060.000    10000.000     6459.077        0.000        0.000      974.989
  560  R1O6                    21845.534     8060.000    10000.000     6534.077        0.000        0.000      987.489
  562  R1O7                    21961.594     8060.000    10000.000     6650.137        0.000        0.000      999.989
  564  R1O8                    22036.594     8060.000    10000.000     6725.137        0.000        0.000     1012.489
  572  R1P1                    22348.414     8060.000    10000.000     7036.957        0.000        0.000     1024.989
  574  R1P2                    22423.414     8060.000    10000.000     7111.957        0.000        0.000     1037.489
  576  R1P3                    22539.474     8060.000    10000.000     7228.017        0.000        0.000     1049.989
  578  R1P4                    22614.474     8060.000    10000.000     7303.017        0.000        0.000     1062.489
  580  R1P5                    22730.534     8060.000    10000.000     7419.077        0.000        0.000     1074.989
  582  R1P6                    22805.534     8060.000    10000.000     7494.077        0.000        0.000     1087.489
  584  R1P7                    22921.594     8060.000    10000.000     7610.137        0.000        0.000     1099.989
  586  R1P8                    22996.594     8060.000    10000.000     7685.137        0.000        0.000     1112.489
  596  R1Q1                    23308.414     8060.000    10000.000     7996.957        0.000        0.000     1124.989
  598  R1Q2                    23383.414     8060.000    10000.000     8071.957        0.000        0.000     1137.489
  600  R1Q3                    23499.474     8060.000    10000.000     8188.017        0.000        0.000     1149.989
  602  R1Q4                    23574.474     8060.000    10000.000     8263.017        0.000        0.000     1162.489
  604  R1Q5                    23690.534     8060.000    10000.000     8379.077        0.000        0.000     1174.989
  606  R1Q6                    23765.534     8060.000    10000.000     8454.077        0.000        0.000     1187.489
  608  R1Q7                    23881.594     8060.000    10000.000     8570.137        0.000        0.000     1199.989
  610  R1Q8                    23956.594     8060.000    10000.000     8645.137        0.000        0.000     1212.489
  624  END                     24366.829     8060.000    10000.000     9055.372        0.000        0.000     1212.489